resBicStab = [
4.99997
2241.27
90.4235
98.9266
4.70531
6.43126
4.43646
19.6816
14.7451
24.1273
15.8001
22.0078
17.1668
30.9871
20.3704
1.37373
1.11559
1.42346
1.09643
0.555871
0.454585
0.312441
0.272605
0.219478
0.19395
0.179866
0.143543
0.102629
0.0985018
0.100547
0.0968439
0.0539646
0.0423077
0.0681046
0.053851
0.023508
0.0228025
0.0227116
0.0220803
0.0165206
0.0145579
0.0139976
0.00979606
1.1291
0.168512
0.00725263
0.00682896
0.00529193
0.00443099
0.00449544
0.00428657
0.00355027
0.00340881
0.00339726
0.00329528
0.00227781
0.00213611
0.00213392
0.00190863
0.00169325
0.00165801
0.00166881
0.00163417
0.00160619
0.00124193
0.00185899
0.00102353
0.00310226
0.00268472
0.000550625
0.000544212
0.000615112
0.000607466
0.000604596
0.000588014
0.00109391
0.000584477
0.000384052
0.000371663
0.000372848
0.000368739
0.000353667
0.000305541
0.0152227
0.000104184
0.000336358
0.000296139
0.000640048
0.000247878
0.000162005
0.000159603
0.000164656
0.000162304
0.000101635
9.9757e-05
9.86661e-05
9.75881e-05
0.000111399
0.000106612
3.77926e-05
3.57317e-05
3.44248e-05
3.32829e-05
5.96917e-05
3.31664e-05
2.66868e-05
1.9512e-05
1.98518e-05
1.96548e-05
2.18441e-05
2.02387e-05
5.84851e-06
5.78875e-06
8.20267e-06
2.48269e-06
7.20187e-06
9.90175e-07
1.36989e-06
1.23936e-06
6.07703e-07
5.35322e-07
3.80122e-07
3.2915e-07
2.39091e-07
2.34073e-07
1.50329e-07
1.46658e-07
1.23153e-07
1.20607e-07
1.05302e-07
9.74903e-08
7.79068e-08
5.19795e-08
4.39897e-08
4.1041e-08
8.22946e-08
4.62362e-08
1.58049e-08
1.151e-08
1.31686e-08
1.1917e-08
1.96609e-08
1.44159e-08
9.31626e-09
9.10656e-09
9.31035e-09
9.15905e-09
9.25633e-09
8.92102e-09
8.53318e-09
8.2338e-09
7.96436e-09
7.85852e-09
5.58026e-08
3.80641e-08
2.08562e-09
2.01075e-09
1.14121e-09
1.05817e-09
9.97801e-10
8.42218e-10
7.36821e-10
7.12316e-10
8.53316e-10
6.27853e-10
6.63774e-10
6.52578e-10
6.51442e-10
6.4091e-10
9.82494e-10
9.22931e-10
5.89147e-10
4.94543e-10 ];
