resLof0 = [
500.369
22.038
19.6888
15.3888
3.80827
3.47815
2.38605
1.67397
0.881279
0.764443
0.63658
0.63595
0.617115
0.561676
0.49268
0.441212
0.314882
0.3014
0.250091
0.20548
0.189347
0.188932
0.188922
0.165311
0.139327
0.119566
0.111493
0.104409
0.0956074
0.0818959
0.0746758
0.074504
0.0738679
0.0657146
0.0585845
0.0555147
0.0459553
0.0399038
0.038795
0.0352988
0.0280612
0.0280388
0.0280038
0.0229191
0.0223529
0.0217129
0.0196485
0.0192655
0.0163879
0.015491
0.0151046
0.0148836
0.0148294
0.0140856
0.0126093
0.0119374
0.0109909
0.0108273
0.0107408
0.00786344
0.0074886
0.00748795
0.00743965
0.00626089
0.00621341
0.00596183
0.00522652
0.00517355
0.00492205
0.00433876
0.00421775
0.00421633
0.00418939
0.00405748
0.00380341
0.0035799
0.00335351
0.00314137
0.00298536
0.00259294
0.00196418
0.00196293
0.00192117
0.0015099
0.00142025
0.00136509
0.00117798
0.00113713
0.0010902
0.00105662
0.00101922
0.00101528
0.00101238
0.00094254
0.000915138
0.000817576
0.00077624
0.000699672
0.00069922
0.000502859
0.000395298
0.000395094
0.00039069
0.000327492
0.000280976
0.000228794
0.000209661
0.000208141
0.000186724
0.000173392
0.0001627
0.000161835
0.000160896
0.000158127
0.000147882
0.000143068
0.000120373
0.000116713
0.000103079
8.80536e-05
7.24922e-05
7.24826e-05
7.05322e-05
6.62605e-05
5.13077e-05
4.37749e-05
4.3153e-05
3.71366e-05
3.56918e-05
3.44443e-05
3.33401e-05
3.33114e-05
3.33114e-05
3.22308e-05
3.09106e-05
2.94616e-05
2.63044e-05
2.42314e-05
2.10179e-05
1.97969e-05
1.41261e-05
1.41059e-05
1.20928e-05
9.707e-06
8.81524e-06
7.52536e-06
7.45899e-06
6.99572e-06
6.51222e-06
6.40995e-06
6.23656e-06
6.2344e-06
6.2106e-06
5.98066e-06
5.84211e-06
5.7219e-06
5.05238e-06
4.75099e-06
3.92556e-06
3.73283e-06
3.38453e-06
3.37949e-06
3.30204e-06
2.92418e-06
2.56884e-06
2.31386e-06
2.1542e-06
2.02591e-06
2.01431e-06
1.89075e-06
1.66982e-06
1.66969e-06
1.62946e-06
1.48291e-06
1.44125e-06
1.39392e-06
1.3457e-06
1.32349e-06
1.19676e-06
1.17721e-06
1.01229e-06
1.01007e-06
1.00896e-06
9.12563e-07
8.56499e-07
8.26235e-07
7.55695e-07
7.36479e-07
7.05934e-07
6.75887e-07
6.69514e-07
6.68901e-07
6.65051e-07
6.28447e-07
5.9542e-07
5.76106e-07
5.34408e-07
5.20654e-07
4.81141e-07
4.51509e-07
3.92349e-07
3.92214e-07
3.59065e-07
3.28527e-07
3.03682e-07
2.99775e-07
2.59004e-07
2.55535e-07
2.55182e-07
2.37036e-07
2.33896e-07
2.33864e-07
2.33286e-07
2.22686e-07
2.17212e-07
2.04802e-07
1.8963e-07
1.82018e-07
1.67664e-07
1.55414e-07
1.49292e-07
1.49091e-07
1.42232e-07
1.28799e-07
1.22304e-07
1.10614e-07
1.10423e-07
9.92083e-08
9.77978e-08
9.63762e-08
5.979e-08
5.92204e-08
5.60487e-08
5.26796e-08
4.27657e-08 ];
