resLof0V100 = [
500.369
22.038
19.6888
15.3888
3.80827
3.47815
2.38605
1.67397
0.881279
0.764443
0.63658
0.524831
0.374078
0.330155
0.227443
0.180574
0.158163
0.130202
0.1165
0.0909158
0.0735541
0.0631711
0.0545801
0.0453725
0.0405525
0.0351084
0.0269106
0.0240316
0.0218387
0.0180676
0.0167174
0.013394
0.0116374
0.0101062
0.00861708
0.0078851
0.00685004
0.00597064
0.00548146
0.00461292
0.00416415
0.00355456
0.00301608
0.00275413
0.00213296
0.00197839
0.00170531
0.00142577
0.00131094
0.00108817
0.000934799
0.000807608
0.000697967
0.000588392
0.000538466
0.00045428
0.000363634
0.000327435
0.000255393
0.000227886
0.000191218
0.000152948
0.000140119
0.000111837
9.73151e-05
8.68994e-05
6.57036e-05
5.63644e-05
4.88928e-05
3.38404e-05
2.98015e-05
2.43543e-05
2.24543e-05
1.8793e-05
1.45818e-05
1.36042e-05
1.19902e-05
1.02736e-05
9.29386e-06
8.15408e-06
6.66215e-06
5.79887e-06
5.07747e-06
4.11576e-06
3.71987e-06
2.98484e-06
2.55551e-06
2.18874e-06
1.7039e-06
1.56536e-06
1.1993e-06
9.61673e-07
8.67617e-07
6.508e-07
5.76919e-07
5.15324e-07
3.81373e-07
3.44414e-07
2.73879e-07
2.31043e-07
2.06626e-07
2.06348e-07
1.97756e-07
1.73224e-07
1.66221e-07
1.5552e-07
1.3326e-07
1.30994e-07
1.00624e-07
9.61358e-08
9.40316e-08
8.30843e-08
7.45508e-08
5.42891e-08
4.82348e-08 ];
