resLof1 = [
196.828
45.7866
20.2302
3.9265
1.79062
0.227687
0.0378213
0.00493087
0.000510816
8.14384e-05
8.31152e-06
4.00801e-06
3.97243e-06
8.00432e-07
1.08139e-07
2.1581e-08
3.27388e-09 ];
