resLof1V100 = [
196.828
45.7866
20.2302
3.9265
1.79062
0.227687
0.0378213
0.00493087
0.000510816
8.14384e-05
8.31152e-06
9.73394e-07
9.01129e-08
9.79281e-09 ];
