bicRes = [
1.00722e+17
3.04777e+16
1.50294e+16
2.43055e+16
1.10867e+16
2.92391e+16
2.3956e+16
4.46478e+16
1.90314e+16
6.92787e+16
3.4666e+16
2.14677e+16
1.68483e+16
2.16112e+16
2.01289e+16
2.34406e+16
1.40369e+16
4.17612e+16
3.65023e+16
1.17007e+16
9.15316e+15
9.63429e+15
7.25927e+15
7.24457e+15
7.21853e+15
3.4847e+16
2.7575e+16
7.75457e+15
7.65411e+15
8.9444e+15
8.89017e+15
7.44038e+15
7.37258e+15
7.96184e+15
7.82157e+15
5.41073e+16
5.08594e+16
1.09242e+16
1.09065e+16
1.09416e+16
1.08843e+16
1.3995e+16
1.20917e+16
1.47118e+16
1.45846e+16
5.57615e+16
5.45941e+16
1.2306e+16
1.14225e+16
1.57248e+16
9.48053e+15
1.74494e+16
1.54212e+16
3.61763e+16
2.33274e+16
1.6228e+16
1.5569e+16
1.05984e+16
1.05976e+16
9.41461e+15
8.30834e+15
7.14853e+16
5.97638e+16
9.48589e+15
8.03141e+15
7.43934e+15
7.296e+15
2.60717e+16
1.93546e+16
8.88469e+15
8.34761e+15
6.67382e+15
6.50345e+15
5.94468e+15
5.60385e+15
5.99084e+15
5.88404e+15
4.41159e+15
4.16436e+15
4.29595e+15
4.29314e+15
4.24343e+15
4.15025e+15
3.99398e+15
3.76721e+15
3.05454e+15
2.99574e+15
6.06918e+15
6.06383e+15
2.70084e+15
2.68018e+15
2.35368e+15
2.34253e+15
2.24739e+15
2.23816e+15
2.23765e+15
2.23327e+15
2.7938e+15
2.78975e+15
2.30091e+15
2.22791e+15
2.21198e+15
2.19479e+15
3.60166e+15
3.44313e+15
2.25944e+15
2.2183e+15
2.17754e+15
2.1706e+15
3.35273e+15
3.27735e+15
2.19771e+15
2.18639e+15
2.16887e+15
2.1155e+15
2.145e+15
2.08253e+15
2.10878e+15
2.05076e+15
2.05168e+15
2.0025e+15
1.91692e+15
1.87233e+15
2.37901e+15
2.05412e+15
1.06032e+16
2.78837e+15
1.75638e+15
1.45618e+15
5.74254e+15
5.33005e+15
3.99177e+15
2.13228e+15
1.85088e+15
1.58787e+15
1.28665e+15
1.26502e+15
1.55713e+15
1.45749e+15
1.21808e+15
1.1849e+15
2.43597e+15
1.50594e+15
1.21742e+15
1.21646e+15
1.06685e+15
1.06685e+15
9.14611e+14
8.92647e+14
7.96134e+14
7.94812e+14
7.96155e+14
7.93409e+14
7.93104e+14
7.92918e+14
8.16055e+14
8.15865e+14
7.46173e+14
7.406e+14
7.41426e+14
7.29538e+14
7.36573e+14
7.33318e+14
7.08505e+14
7.05073e+14
7.10822e+14
7.0618e+14
6.83162e+14
6.78024e+14
6.80705e+14
6.60797e+14
6.48398e+14
6.41621e+14
7.06093e+14
7.04115e+14
5.9996e+14
5.95779e+14
6.49479e+14
6.33593e+14
6.46775e+14
5.97607e+14
5.67522e+14
5.65007e+14
5.2457e+14
5.20779e+14
4.75913e+14
4.75412e+14
4.46395e+14
4.45603e+14
4.18047e+14
4.16411e+14
4.17171e+14
4.16044e+14
4.1119e+14
4.11019e+14
3.96541e+14
3.96454e+14
3.91755e+14
3.90002e+14
3.86783e+14
3.85189e+14
3.85126e+14
3.8475e+14
3.68852e+14
3.64719e+14
3.53374e+14
3.52993e+14
3.41039e+14
3.37408e+14
3.74449e+14
3.74349e+14
3.4137e+14
3.40543e+14
3.26086e+14
3.25316e+14
3.12601e+14
3.10833e+14
3.11213e+14
3.10755e+14
3.08236e+14
3.06433e+14
3.04068e+14
3.03856e+14
3.14528e+14
3.1134e+14
2.97363e+14
2.96771e+14
4.27921e+14
3.32659e+14
2.84108e+14
2.82788e+14
6.94206e+14
5.77933e+14
2.91874e+14
2.9044e+14
2.82653e+14
2.81556e+14
2.72479e+14
2.72131e+14
2.82632e+14
2.8157e+14
2.67158e+14
2.65923e+14
2.6476e+14
2.64611e+14
2.61652e+14
2.60305e+14
2.74125e+14
2.73768e+14
2.78683e+14
2.78161e+14
2.58961e+14
2.33119e+14
1.03485e+15
2.01415e+14
2.04748e+14
2.04434e+14
1.95868e+14
1.89554e+14
1.7231e+14
1.72265e+14
1.72854e+14
1.72548e+14
1.71888e+14
1.71851e+14
1.64439e+14
1.63816e+14
1.56102e+14
1.55973e+14
1.46711e+14
1.46711e+14
1.55578e+14
1.5531e+14
1.43887e+14
1.41864e+14
1.41469e+14
1.40353e+14
1.44816e+14
1.41662e+14
1.44403e+14
1.44013e+14
1.34146e+14
1.34032e+14
1.29995e+14
1.29847e+14
2.71697e+14
2.70665e+14
1.28142e+14
1.26214e+14
1.29539e+14
1.28907e+14
1.27681e+14
1.27029e+14
1.24677e+14
1.24596e+14
1.20231e+14
1.19977e+14
1.22211e+14
1.2087e+14
1.15924e+14
1.1555e+14
1.15553e+14
1.15511e+14
1.15204e+14
1.13964e+14
1.13779e+14
1.13438e+14
1.11143e+14
1.11079e+14
1.09172e+14
1.09042e+14
1.08827e+14
1.08799e+14
1.08098e+14
1.08055e+14
1.05164e+14
1.04774e+14
1.01204e+14
1.01147e+14
9.96223e+13
9.95362e+13
9.99704e+13
9.99252e+13
9.6996e+13
9.69421e+13
9.535e+13
9.50458e+13
9.38051e+13
9.37339e+13
9.34428e+13
9.32206e+13
9.14837e+13
9.09516e+13
8.76008e+13
8.71447e+13
8.23933e+13
8.22425e+13
7.77703e+13
7.68853e+13
8.32796e+13
8.32357e+13
8.10934e+13
8.08174e+13
7.43931e+13
7.43355e+13
7.07962e+13
7.07259e+13
6.78263e+13
6.76151e+13
6.49586e+13
6.48007e+13
6.44876e+13
6.43794e+13
6.46109e+13
6.39365e+13
6.24118e+13
6.13287e+13
5.90604e+13
5.90082e+13
6.00115e+13
5.78652e+13
5.78507e+13
5.78311e+13
5.6644e+13
5.65861e+13
5.5236e+13
5.50129e+13
5.27781e+13
5.27234e+13
5.1256e+13
5.11562e+13
5.13096e+13
5.10174e+13
5.13948e+13
5.13749e+13
5.17765e+13
5.17678e+13
4.95572e+13
4.93831e+13
4.76469e+13
4.73417e+13
5.07677e+13
4.93842e+13
4.33074e+13
4.31428e+13
4.14571e+13
4.14184e+13
4.13955e+13
4.13908e+13
4.06464e+13
4.04137e+13
3.81649e+13
3.81376e+13
4.02711e+13
4.01773e+13
3.91176e+13
3.90945e+13
3.8141e+13
3.81086e+13
3.71542e+13
3.71372e+13
3.70455e+13
3.70368e+13
3.58912e+13
3.58147e+13
3.26806e+13
3.26774e+13
3.26356e+13
3.26355e+13
3.04799e+13
2.80903e+13
3.9312e+13
3.90308e+13
3.52964e+13
3.51816e+13
2.88361e+13
2.86306e+13
4.08735e+13
4.03218e+13
3.1655e+13
3.11575e+13
3.08698e+13
2.83397e+13
3.47547e+13
3.41513e+13
3.62598e+13
3.62275e+13
6.43289e+13
6.4326e+13
6.72378e+14
6.67126e+14
7.20021e+13
6.82936e+13
2.51088e+13
2.50696e+13
2.50696e+13
2.48447e+13
4.13892e+13
3.37646e+13
3.82593e+13
3.82591e+13
2.36733e+13
2.36305e+13
2.37488e+13
2.34976e+13
2.35042e+13
2.34579e+13
2.32895e+13
2.32406e+13
2.29715e+13
2.29705e+13
2.30683e+13
2.30472e+13
2.30136e+13
2.29486e+13
2.27004e+13
2.26476e+13
2.21747e+13
2.20888e+13
2.20918e+13
2.20698e+13
2.09568e+13
2.03866e+13
2.15256e+13
2.02411e+13
1.89162e+13
1.84064e+13
1.92392e+13
1.92383e+13
1.92249e+13
1.92206e+13
1.91653e+13
1.91381e+13
1.86558e+13
1.86271e+13
1.79581e+13
1.79398e+13
1.70085e+13
1.68232e+13
1.5975e+13
1.59508e+13
1.58568e+13
1.58441e+13
1.59324e+13
1.59315e+13
1.66666e+13
1.6665e+13
1.66142e+13
1.66126e+13
1.642e+13
1.62804e+13
1.61524e+13
1.60068e+13
1.57973e+13
1.57949e+13
1.39352e+13
1.29689e+13
1.56239e+13
1.55493e+13
1.33154e+13
1.32974e+13
1.43387e+13
1.43352e+13
1.11516e+13
1.01886e+13
1.01885e+13
1.00987e+13
1.00551e+13
1.00241e+13
9.98877e+12
9.97858e+12
9.72315e+12
9.72175e+12
2.31432e+13
1.64864e+13
9.10238e+12
9.0846e+12
8.24069e+12
8.23323e+12
8.22116e+12
8.21909e+12
7.59788e+12
7.5473e+12
7.37619e+12
7.37158e+12
7.17828e+12
7.17639e+12
7.18869e+12
7.18868e+12
7.23173e+12
7.21432e+12
7.23419e+12
7.21551e+12
7.20834e+12
7.20826e+12
8.06585e+12
7.30583e+12
7.20034e+12
7.19389e+12
7.41819e+12
7.30641e+12
7.24096e+12
7.14156e+12
7.20588e+12
7.18538e+12
7.50357e+12
7.40242e+12
6.90206e+12
6.89032e+12
7.21861e+12
7.21857e+12
6.39495e+12
6.39419e+12
5.70438e+12
5.69913e+12
5.34463e+12
5.3374e+12
5.31508e+12
5.31003e+12
5.19582e+12
5.15951e+12
5.10711e+12
5.05441e+12
9.74075e+13
5.12201e+12
4.99756e+12
4.98438e+12
4.98404e+12
4.97603e+12
4.95333e+12
4.94863e+12
4.91741e+12
4.91424e+12
4.83224e+12
4.82866e+12
4.82867e+12
4.82798e+12
4.6327e+12
4.62806e+12
4.63273e+12
4.62568e+12
4.51613e+12
4.51549e+12
4.51526e+12
4.51488e+12
4.44742e+12
4.4368e+12
4.52239e+12
4.52173e+12
4.07657e+12
4.0735e+12
3.88142e+12
3.877e+12
3.71212e+12
3.34653e+12
1.1756e+13
3.19781e+12
5.03594e+12
4.73973e+12
3.20488e+12
3.08251e+12
3.05833e+12
3.04373e+12
3.05424e+12
3.05371e+12
3.03696e+12
3.03459e+12
2.96807e+12
2.96586e+12
2.88094e+12
2.87731e+12
2.83878e+12
2.83523e+12
2.8329e+12
2.83289e+12
2.81621e+12
2.81581e+12
2.79105e+12
2.79056e+12
2.53879e+12
2.53856e+12
2.54659e+12
2.54629e+12
3.59652e+12
3.48914e+12
3.17035e+12
3.16543e+12
3.22257e+12
3.13994e+12
2.7214e+12
2.71945e+12
2.1703e+12
2.16774e+12
1.94366e+12
1.94112e+12
2.00707e+12
2.00471e+12
1.94843e+12
1.92966e+12
1.8729e+12
1.86885e+12
1.88029e+12
1.8783e+12
1.81636e+12
1.81602e+12
1.81563e+12
1.8155e+12
1.68613e+12
1.62589e+12
1.73854e+12
1.64929e+12
1.5468e+12
1.54381e+12
1.53815e+12
1.53563e+12
1.52918e+12
1.52862e+12
1.52266e+12
1.51341e+12
1.51415e+12
1.51143e+12
1.52229e+12
1.52201e+12
1.52989e+12
1.52954e+12
1.56884e+12
1.56072e+12
1.55621e+12
1.5562e+12
1.52302e+12
1.50262e+12
