gmRes0V10 = [
80124.1
26016.3
20237.5
20066
16670.5
14371.1
13029.6
8278.16
5668.8
5023.98
5019.28
5018.94
4984.54
4983.67
4967.04
4932.35
4764.67
4579.06
4525.1
4304.37
3908.11
3809.01
3805.42
3803.24
3791.22
3786.99
3776.65
3554.09
3369.29
3078.21
2914.19
2908.55
2691.39
2527.03
2526.98
2511.47
2491.28
2483.51
2479.55
2446.94
2445
2444.9
2440.02
2439.06
2433.94
2415.53
2392.39
2364.09
2359.55
2342.29
2237.14
2155.83
2149.6
2130.67
2106
2081.28
2029.64
1821.16
1800.02
1334.82
1260.3
1243.16
1007.37
977.592
956.32
940.22
869.446
750.212
738.274
722.974
639.208
628.897
625.205
623.778
623.237
621.776
617.353
562.33
439.765
425.231
392.7
366.05
361.033
323.718
307.799
304.184
281.243
263.974
261.666
219.682
210.979
209.713
196.812
196.341
196.122
195.585
194.395
192.123
191.575
191.434
191.041
191.014
190.952
190.946
190.931
190.876
189.729
190.816
189.362
188.719
187.299
187.08
186.746
186.565
186.54
186.507
185.19
184.36
178.081
175.545
175.403
175.384
174.598
174.097
174.045
173.857
172.974
172.378
171.384
168.114
167.959
167.922
165.88
165.509
165.503
165.452
165.433
165.422
165.327
163.868
163.832
163.826
163.286
163.202
163.166
162.984
162.908
162.651
162.519
160.795
160.572
160.539
159.431
159.095
159.085
159.066
159.066
159.066
159.005
158.033
158.014
158.011
157.546
157.51
157.386
157.18
157.179
157.054
156.96
155.952
155.73
155.709
154.916
154.845
154.78
154.688
154.688
154.683
154.647
153.976
153.875
153.866
153.562
153.525
153.443
153.281
153.263
153.216
153.159
152.319
152.149
152.132
151.429
151.38
151.322
151.261
151.258
151.248
151.18
150.652
150.592
150.587
150.321
150.315
150.19
150.064
150.061
150.017
149.975
149.306
149.1
149.082
148.452
148.388
148.356
148.309
148.308
148.301
148.247
147.752
147.714
147.711
147.466
147.466
147.331
147.221
147.22
147.187
147.154
146.556
146.351
146.333
145.733
145.675
145.644
145.608
145.607
145.601
145.559
145.086
145.059
145.057
144.835
144.834
144.694
144.594
144.594
144.567
144.538
143.982
143.776
143.758
143.179
143.122
143.088
143.061
143.06
143.054
143.017
142.563
142.544
142.543
142.344
142.339
142.199
142.1
142.1
142.078
142.05
141.527
141.314
141.296
140.738
140.676
140.636
140.618
140.617
140.611
140.567
140.136
140.124
140.123
139.95
139.939
139.8
139.696
139.696
139.678
139.652
139.154
138.934
138.916
138.372
138.316
138.264
138.254
138.253
138.247
138.19
137.784
137.778
137.778
137.632
137.61
137.467
137.364
137.364
137.347
137.325
136.842
136.619
136.6
136.066
136.014
135.953
135.95
135.949
135.943
135.888
135.491
135.489
135.489
135.367
135.338
135.191
135.085
135.085
135.07
135.049
134.573
134.356
134.338
133.806
133.759
133.695
133.695
133.695
133.687
133.637
133.253
133.251
133.251
133.139
133.119
132.973
132.867
132.867
132.854
132.842
132.37
132.143
132.122
131.602
131.503
131.497
131.497
131.497
131.494
131.455
131.095
131.086
131.085
130.913
130.911
130.808
130.726
130.725
130.704
130.688
130.148
130.011
130.001
129.523
129.501
129.359
129.357
129.356
129.354
129.324
129.001
128.984
128.982
128.82
128.813
128.745
128.677
128.676
128.661
128.651
128.096
127.956
127.944
127.451
127.393
127.301
127.298
127.294
127.29
127.257
126.948
126.945
126.945
126.801
126.798
126.695
126.638
126.637
126.622
126.616
126.103
125.935
125.919
125.423
125.364
125.315
125.305
125.304
125.301
125.288
124.949
124.946
124.946
124.795
124.787
124.677
124.63
124.629
124.612
124.602
124.076
123.949
123.936
123.457
123.435
123.341
123.326
123.324
123.319
123.306
122.979
122.975
122.975
122.834
122.819
122.712
122.671
122.671
122.658
122.653
122.121
121.998
121.982
121.516
121.493
121.409
121.389
121.388
121.383
121.371
121.035
121.034
121.034
120.897
120.871
120.757
120.72
120.719
120.708
120.702
120.182
120.064
120.047
119.602
119.586
119.496
119.472
119.471
119.463
119.45
119.103
119.103
119.103
118.971
118.933
118.808
118.773
118.771
118.764
118.76
118.263
118.131
118.112
117.688
117.671
117.591
117.562
117.562
117.551
117.535
117.16
117.158
117.158
117.021
116.964
116.817
116.786
116.781
116.777
116.775
116.309
116.167
116.146
115.759
115.754
115.656
115.625
115.625
115.603
115.582
115.159
115.144
115.142
115.017
114.92
114.734
114.7
114.694
114.693
114.693
114.252
114.078
114.049
113.704
113.69
113.618
113.579
113.574
113.539
113.503
112.998
112.973
112.97
112.644
112.591
112.416
112.381
112.353
112.352
112.351
111.923
111.752
111.727
111.578
111.485
111.339
111.288
111.258
111.206
111.047
110.499
110.395
110.386
110.347
109.95
109.61
109.572
109.543
109.528
109.525
109.307
109.096
109.077
109.07
108.826
108.745
108.729
108.691
108.599
108.14
107.76
107.314
107.255
107.16
106.644
105.895
105.88
105.801
105.698
105.654
105.619
105.112
105.094
105.093
104.887
104.809
104.794
104.78
104.435
104.209
102.849
102.694
102.679
102.556
102.09
101.44
101.336
101.336
101.202
101.194
101.123
101.011
101.009
100.989
100.923
100.875
100.843
100.746
100.729
100.471
100.109
100.027
100.014
99.9339
99.798
99.3436
99.3361
99.3275
99.2776
99.266
99.1908
98.9766
98.9716
98.969
98.8722
98.8239
98.8057
98.7852
98.65
98.5653
97.9033
97.6781
97.6515
97.557
97.3509
96.6555
96.6328
96.5196
96.4722
96.3733
96.3023
96.0122
95.9935
95.9925
95.9267
95.9088
95.9062
95.8352
95.5808
95.3291
94.4194
93.0871
92.7702
92.1027
92.0757
91.3137
91.1564
91.1394
90.8209
90.8156
90.8154
90.6783
90.6782
90.6085
90.6029
90.5996
90.5996
90.5807
90.3664
90.3529
89.7171
89.5988
89.5912
88.9872
88.9861
88.9243
88.901
88.8477
88.8472
88.8415
88.6325
88.5746
88.5641
88.4621
88.4618
88.4226
88.4026
88.402
88.3393
88.325
87.9012
87.8023
87.7968
87.396
87.3747
87.3463
87.3443
87.3382
87.3381
87.3379
87.1693
87.1653
87.1649
87.094
87.094
87.0676
87.0512
87.0508
86.9929
86.9846
86.4891
86.4885
86.4885
86.1253
86.0319
86.0195
86.0194
86.0099
86.0092
86.0092
85.9083
85.8536
85.8506
85.8134
85.8126
85.7935
85.7809
85.7713
85.7178
85.7076
85.1958
85.1931
85.1928
84.8174
84.7512
84.6697
84.663
84.6562
84.6546
84.6546
84.5729
84.5257
84.5244
84.4999
84.4869
84.4634
84.4553
84.4531
84.3877
84.3788
83.9389
83.8979
83.8942
83.5169
83.4981
83.4543
83.4537
83.4516
83.4512
83.4379
83.3023
83.3023
83.3023
83.2617
83.2478
83.2055
83.1788
83.1784
83.1512
83.1403
82.8321
82.7435
82.7347
82.4339
82.4187
82.372
82.372
82.3715
82.3708
82.3632
82.2156
82.2067
82.2059
82.1713
82.156
82.1148
82.094
82.0933
82.0656
82.0482
81.6822
81.6574
81.6544
81.3401
81.3401
81.2634
81.2633
81.2603
81.2603
81.257
81.1337
81.1139
81.1123
81.0846
81.0698
81.0379
81.0247
81.0217
80.9869
80.9748
80.5433
80.5383
80.5376
80.1792
80.1642
80.0909
80.0906
80.0781
80.0769
80.0769
79.986
79.9271
79.9213
79.9061
79.8963
79.8805
79.8753
79.8612
79.8013
79.7757
79.2637
79.2631
79.263
78.9333
78.8806
78.7658
78.7632
78.7513
78.746
78.7314
78.6415
78.6388
78.6385
78.5981
78.5924
78.5581
78.5437
78.5382
78.5099
78.4606
78.1443
78.1052
78.0999
77.8382
77.8182
77.7306
77.7261
77.7167
77.7167
77.7166
77.6443
77.5519
77.5436
77.5266
77.5213
77.5022
77.4966
77.47
77.4414
77.3972
77.1667
77.1027
77.099
76.9325
76.9094
76.8558
76.8453
76.842
76.8414
76.768
76.5992
76.4846
76.4643
76.3431
76.2852
76.2616
76.1465
76.1314
76.1279
76.1221
76.0601
75.886
75.8718
75.7675
75.7407
75.7359
75.7329
75.7236
75.6742
75.6288
75.4963
75.4598
75.4592
75.3928
75.3886
75.369
75.3547
75.3418
75.3386
75.2408
74.8562
74.8538
74.8534
74.6168
74.528
74.52
74.5119
74.5116
74.5043
74.4696
74.3169
74.3056
74.3051
74.2161
74.2116
74.1833
74.1669
74.1669
74.1606
74.1581
73.8653
73.8412
73.8374
73.6364
73.5971
73.5835
73.5755
73.5755
73.5643
73.5512
73.3819
73.3795
73.3791
73.2727
73.2621
73.2382
73.2127
73.2127
73.2111
73.1943
72.8981
72.8896
72.8881
72.646
72.5907
72.5834
72.5736
72.5729
72.5725
72.5717
72.4757
72.4249
72.42
72.3739
72.368
72.3598
72.3461
72.345
72.3283
72.3269
72.0743
72.0053
72.0007
71.7812
71.7539
71.7441
71.7325
71.7325
71.7302
71.7135
71.5744
71.5659
71.5645
71.4917
71.4674
71.4581
71.4074
71.4072
71.4056
71.4026
71.1731
71.1267
71.121
70.9104
70.8795
70.8763
70.8677
70.8677
70.863
70.8394
70.7142
70.714 ];
