gmRes0V100 = [
80124.1
26016.3
20237.5
20066
16670.5
14371.1
13029.6
8278.16
5668.8
5023.98
5019.28
4782.67
4298.53
3922.89
3720.88
3702.59
3349.54
2687.67
1701.82
1552.88
1460.08
958.291
683.209
617.872
598.742
381.897
267.32
218.621
188.899
139.883
111.946
95.9056
92.8032
87.2332
81.1724
78.4796
76.1831
73.9077
70.6936
68.7545
63.0108
54.1183
49.5625
45.873
41.8852
38.7496
34.805
30.7031
25.5082
22.3299
20.709
19.2167
18.2916
17.6902
17.1439
15.8218
14.4612
13.5534
12.7434
11.6816
11.0311
10.3777
9.98344
9.75775
9.42888
8.95829
8.46746
7.90574
7.54639
7.21813
6.89903
6.59136
6.34847
5.9897
5.60317
5.12845
4.80033
4.52733
4.30437
4.1068
3.93526
3.72056
3.50275
3.34289
3.22604
3.07965
2.968
2.88472
2.76239
2.6468
2.54954
2.41235
2.33261
2.28053
2.22262
2.1143
2.02295
1.93788
1.85467
1.77364
1.68043
1.68043
1.68042
1.68042
1.68042
1.68042
1.68042
1.68041
1.6804
1.68039
1.68038
1.68038
1.68037
1.68037
1.68036
1.68036
1.68036
1.68036
1.68035
1.68034
1.68034
1.68032
1.68024
1.68004
1.67983
1.67983
1.67935
1.67855
1.67785
1.67741
1.67648
1.67597
1.67563
1.67416
1.66997
1.66721
1.66679
1.6667
1.66667
1.66665
1.66665
1.66639
1.66569
1.66558
1.66557
1.66524
1.66509
1.66495
1.66426
1.66223
1.66052
1.65938
1.65719
1.65542
1.65365
1.64972
1.6378
1.62069
1.60743
1.59439
1.57703
1.56294
1.54927
1.53959
1.53567
1.52907
1.52151
1.51137
1.50017
1.49307
1.48679
1.47752
1.46831
1.4591
1.43897
1.41567
1.37648
1.34394
1.31033
1.28971
1.2616
1.24114
1.20856
1.16399
1.11899
1.08532
1.04122
0.999281
0.977005
0.9393
0.907699
0.88103
0.847901
0.808002
0.792031
0.768599
0.725579
0.680918
0.645037
0.587153
0.531211
0.531205
0.531205
0.531204
0.531204
0.531204
0.531203
0.5312
0.5312
0.531198
0.531195
0.531195
0.531189
0.531184
0.531182
0.531182
0.531181
0.531179
0.531174
0.53117
0.531165
0.531165
0.531148
0.531101
0.531025
0.530996
0.53092
0.530739
0.530619
0.530517
0.530108
0.529648
0.529097
0.528772
0.528772
0.528646
0.528608
0.528602
0.528601
0.528601
0.528601
0.52856
0.528481
0.528477
0.528475
0.52846
0.528422
0.52842
0.528351
0.528112
0.52798
0.527907
0.527717
0.52759
0.527471
0.527133
0.526029
0.524537
0.523466
0.522451
0.521216
0.520049
0.518786
0.517789
0.517165
0.516286
0.515276
0.514235
0.513216
0.51274
0.512423
0.511982
0.5117
0.511344
0.510318
0.509145
0.506795
0.504413
0.502752
0.500908
0.499497
0.497516
0.495826
0.492421
0.489662
0.487843
0.484935
0.482301
0.480488
0.477127
0.472301
0.469769
0.464373
0.460473
0.457996
0.455046
0.446778
0.43935
0.433127
0.423857
0.415383
0.415381
0.41538
0.415379
0.415379
0.415378
0.415378
0.415375
0.415374
0.415373
0.415372
0.41537
0.415365
0.41536
0.415359
0.415359
0.415358
0.415355
0.415351
0.415349
0.415349
0.415342
0.415312
0.415278
0.415277
0.415242
0.41502
0.414736
0.414584
0.414508
0.414441
0.414435
0.414147
0.413513
0.412528
0.411939
0.411859
0.411858
0.411846
0.411838
0.411838
0.411817
0.411715
0.411715
0.411714
0.411713
0.411649
0.411638
0.41153
0.411186
0.410941
0.410799
0.410444
0.410226
0.410013
0.409545
0.408067
0.406163
0.404859
0.403594
0.401976
0.40031
0.398515
0.396728
0.395607
0.393744
0.39179
0.389904
0.388289
0.387512
0.387229
0.386846
0.386637
0.386249
0.385301
0.383807
0.381245
0.377943
0.375241
0.372047
0.368388
0.365373
0.360713
0.355526
0.350667
0.348115
0.343741
0.33964
0.336558
0.330183
0.322488
0.316606
0.308383
0.301496
0.29812
0.293957
0.282352
0.26922
0.25721
0.241715
0.228289
0.228286
0.228283
0.228281
0.22828
0.228278
0.228276
0.22827
0.228266
0.228254
0.228218
0.228209
0.228209
0.228207
0.228201
0.228188
0.228171
0.228171
0.228159
0.228133
0.228124
0.228079
0.227981
0.227959
0.227936
0.227749
0.227029
0.225997
0.225085
0.224747
0.224714
0.224624
0.223097
0.22083
0.216932
0.214987
0.214749
0.214716
0.214677
0.214643
0.214628
0.214156
0.21305
0.212655
0.21244
0.211805
0.211194
0.210508
0.208471
0.204861
0.202297
0.200884
0.198726
0.19701
0.195496
0.192125
0.18482
0.177793
0.173411
0.169094
0.162446
0.157173
0.151148
0.147461
0.145341
0.142255
0.138462
0.133796
0.128483
0.125554
0.123508
0.121206
0.119884
0.118686
0.115309
0.111922
0.107267
0.104205
0.101507
0.100641
0.0992741
0.0971261
0.0941994
0.0896043
0.0849542
0.0825328
0.080125
0.0779618
0.0771032
0.0752073
0.0733852
0.0725216
0.0710267
0.069291
0.0680036
0.0664778
0.0636574
0.0622239
0.0613678
0.0603686
0.059357
0.0593558
0.0593546
0.0593535
0.0593534
0.0593533
0.059353
0.059352
0.059351
0.0593475
0.0593372
0.0593327
0.0593322
0.0593317
0.0593297
0.059325
0.0593203
0.0593186
0.0593052
0.0592804
0.0592451
0.0592443
0.0592096
0.0591826
0.0591825
0.0591634
0.0590203
0.0588523
0.0588381
0.0587645
0.0585298
0.0582914
0.0577271
0.0571086
0.05646
0.0559487
0.0558434
0.055831
0.0558115
0.0558026
0.0558018
0.0557062
0.055488
0.0554155
0.0553583
0.0552738
0.0552079
0.0551605
0.0549001
0.0545213
0.0543223
0.054137
0.0538252
0.0536291
0.0532905
0.0526086
0.0515579
0.0506982
0.0502083
0.0498839
0.0494409
0.0489726
0.0485714
0.0483077
0.0481187
0.0478907
0.0475753
0.0473029
0.0470223
0.0468304
0.0466654
0.04651
0.0463523
0.0462129
0.0458946
0.0455844
0.0450813
0.0448149
0.0443941
0.0440767
0.043627
0.0433682
0.0429509
0.0426224
0.0423492
0.0421236
0.0418138
0.0415774
0.0413242
0.0410529
0.0408304
0.0406389
0.0404142
0.0403073
0.0402269
0.0401411
0.0399818
0.0397168
0.0393429
0.0389747
0.0385579
0.0385556
0.0385554
0.0385549
0.0385545
0.0385541
0.0385534
0.0385506
0.0385493
0.0385491
0.0385488
0.0385479
0.0385449
0.0385445
0.0385436
0.0385409
0.0385397
0.0385392
0.038538
0.0385349
0.0385329
0.0385327
0.038531
0.0385174
0.038488
0.0384394
0.0384179
0.0384131
0.0383361
0.0382452
0.0381966
0.0381467
0.038062
0.0379645
0.0378761
0.0378096
0.0377539
0.0376956
0.037619
0.0375559
0.0375116
0.0374566
0.0373693
0.0373159
0.0372755
0.0372348
0.0371813
0.0371598
0.0371131
0.0370775
0.0370512
0.0369994
0.0369126
0.0368614
0.0367818
0.0366616
0.0365235
0.0363866
0.0363075
0.0362509
0.0361649
0.0360546
0.0359736
0.035912
0.0358363
0.0357541
0.0356746
0.0356302
0.0355508
0.0354721
0.0354215
0.035383
0.0353158
0.0352042
0.0350586
0.034865
0.0347682
0.0346904
0.0346314
0.0345357
0.0343839
0.0342055
0.0339622
0.0337993
0.0336898
0.0335736
0.0333941
0.0331884
0.0329998
0.0327611
0.0326138
0.0325101
0.032429
0.0322662
0.0321315
0.0319922
0.0318351
0.0317155
0.0316491
0.0315739
0.0314922
0.0314881
0.0314876
0.0314873
0.0314858
0.0314855
0.0314852
0.0314852
0.0314835
0.0314806
0.0314806
0.0314765
0.0314703
0.0314695
0.0314673
0.0314565
0.0314549
0.0314535
0.0314487
0.0314438
0.0314391
0.0314382
0.0314287
0.0314131
0.0313751
0.0313353
0.0313338
0.0313285
0.0313069
0.0312679
0.0312272
0.0311866
0.0311228
0.0310855
0.0310505
0.0310062
0.0309491
0.0309013
0.0308842
0.0308618
0.0308418
0.0308092
0.030758
0.0307227
0.0306921
0.0306604
0.0306318
0.0306163
0.0306023
0.0305558
0.0304988
0.0304651
0.0304312
0.0304192
0.0303974
0.0303625
0.0303287
0.0302847
0.0302296
0.0301921
0.0301228
0.0300588
0.0300143
0.029937
0.029852
0.0298029
0.0297545
0.0297133
0.0296785
0.0296212
0.0295905
0.0295564
0.0294353
0.0293504
0.0293118
0.0292495
0.029143
0.0291131
0.0290183
0.0289505
0.0288124
0.0286515
0.0283572
0.0281393
0.0280217
0.0278949
0.0277885
0.0276851
0.0275756
0.0274619
0.0273134
0.0271913
0.0271031
0.027015
0.0269347
0.0268846
0.0267906
0.0267029
0.0266127
0.0265454
0.0264817
0.0264807
0.0264807
0.0264805
0.0264804
0.0264804
0.0264804
0.0264803
0.02648
0.0264799
0.0264795
0.0264782
0.0264772
0.0264771
0.0264751
0.026464
0.0264633
0.0264565
0.0264458
0.0264426
0.0264392
0.0264156
0.0264006
0.0263878
0.0263613
0.0263589
0.0263439
0.0263148
0.0262788
0.0262512
0.0262157
0.0261887
0.0261544
0.0261147
0.0260806
0.0260465
0.0260165
0.0259641
0.0259194
0.0258691
0.0258142
0.0257681
0.0257236
0.0256936
0.0256495
0.0256223
0.0255721
0.0255302
0.0254982
0.0254667
0.0254271
0.0253595
0.0252579
0.0252122
0.0251605
0.0250295
0.0249344
0.0248425
0.0247614
0.0246871
0.0246416
0.0245885
0.0245574
0.0245196
0.0244433
0.0243766
0.0243279
0.0242871
0.0242429
0.0241916
0.0241542
0.0241297
0.0240871
