gmRes1V10 = [
63094.8
16987.3
10681.3
10631
7956.6
4434.76
2132.26
1097.98
634.582
424.146
360.389
360.157
359.636
358.682
358.649
357.61
355.689
343.886
316.41
259.042
200.846
200.145
199.884
197.523
197.374
196.997
196.571
192.407
182.165
154.824
115.836
108.439
106.185
95.6623
87.4324
81.2892
78.8596
77.2597
73.8021
67.1143
64.6234
64.6033
64.5844
64.402
64.3563
63.9785
63.9706
63.8391
63.4729
63.0577
61.5035
61.4839
61.4636
61.2527
61.2326
60.6984
60.4481
60.3825
60.3627
60.3449
60.3151
60.3149
60.3144
60.312
60.2991
60.2844
60.2762
60.2396
60.1735
60.1476
59.1667
59.1087
58.9409
58.5702
58.542
58.2501
58.0315
57.8026
57.7795
57.7695
57.4291
57.4258
57.4151
57.3322
57.3198
57.2972
57.2971
57.1536
56.7744
56.5955
56.3632
56.3605
56.3546
56.1712
56.1666
56.0227
55.8626
55.6928
55.6901
55.6247
55.4049
55.4019
55.393
55.2821
55.282
55.2548
55.2542
55.2058
55.1135
54.862
54.6381
54.6357
54.6295
54.4857
54.4846
54.3776
54.2648
54.2134
54.2113
54.121
53.7102
53.7037
53.6841
53.5654
53.5636
53.5185
53.5184
53.5184
53.4356
53.2218
52.9849
52.9833
52.9786
52.9158
52.9144
52.793
52.6848
52.6581
52.6543
52.6131
52.3968
52.3953
52.392
52.3405
52.32
52.2865
52.2823
52.2749
52.1974
52.0308
51.8658
51.865
51.8629
51.824
51.8128
51.728
51.6516
51.6378
51.6213
51.5169
51.3891
51.3881
51.3863
51.3355
51.3068
51.2872
51.2746
51.2678
51.2158
51.0281
50.9075
50.9065
50.9038
50.8594
50.851
50.7782
50.7196
50.7102
50.6837
50.5853
50.492
50.4914
50.4904
50.4392
50.4173
50.4007
50.3809
50.3772
50.3345
50.1376
50.0371
50.0361
50.0335
49.9794
49.9703
49.9014
49.8597
49.852
49.83
49.7287
49.666
49.6656
49.6649
49.6209
49.6138
49.5877
49.5703
49.5701
49.515
49.3442
49.2206
49.2194
49.2168
49.1418
49.1297
49.0619
49.0342
49.0227
49.0079
48.9148
48.8547
48.8544
48.8539
48.8199
48.8171
48.7843
48.7686
48.7666
48.6621
48.5635
48.2393
48.2356
48.2299
48.0134
47.9566
47.8876
47.8736
47.8661
47.8524
47.7871
47.7446
47.7444
47.744
47.7118
47.7048
47.6785
47.6733
47.6698
47.5756
47.4623
47.2488
47.2469
47.244
47.0569
46.9692
46.9209
46.9163
46.9125
46.9014
46.8157
46.7499
46.7495
46.7482
46.6999
46.6984
46.6714
46.6656
46.6653
46.6294
46.4278
46.1757
46.1743
46.1728
45.9467
45.8462
45.785
45.7759
45.7734
45.7331
45.7028
45.5563
45.5543
45.5489
45.3893
45.3882
45.3733
45.37
45.3682
45.3455
45.0434
44.7555
44.754
44.753
44.515
44.3476
44.1884
44.1879
44.1463
44.1321
44.1289
44.022
44.0203
44.0119
43.9847
43.9538
43.9105
43.8771
43.8595
43.7559
43.6703
43.4718
43.4706
43.4689
43.3733
43.2398
43.0829
43.0824
43.0546
43.0461
43.0371
42.9266
42.9254
42.9197
42.8998
42.8794
42.8209
42.8037
42.7863
42.7176
42.6437
42.4932
42.4924
42.4913
42.4348
42.341
42.1959
42.1933
42.1634
42.1522
42.1435
42.0536
42.0527
42.0486
42.0287
42.0155
41.9516
41.938
41.9214
41.8654
41.8018
41.6841
41.6836
41.6829
41.6458
41.5679
41.4436
41.4399
41.4068
41.3967
41.3884
41.2919
41.2909
41.2861
41.2624
41.2498
41.1811
41.1689
41.1506
41.1023
41.0498
40.9577
40.9574
40.9569
40.9335
40.8718
40.7599
40.755
40.7181
40.7093
40.7012
40.5828
40.5811
40.5739
40.5393
40.5232
40.4513
40.4393
40.4183
40.3716
40.3303
40.2645
40.2642
40.2639
40.2513
40.2079
40.1045
40.0989
40.0616
40.0525
40.0426
39.8713
39.8674
39.8523
39.7934
39.7681
39.6934
39.6819
39.66
39.615
39.5842
39.5398
39.5397
39.5394
39.5338
39.5112
39.4134
39.4073
39.3694
39.3594
39.3446
39.1129
39.1065
39.0838
38.9955
38.9802
38.8701
38.8634
38.8398
38.8009
38.7791
38.7477
38.7476
38.7473
38.7447
38.7383
38.6556
38.6471
38.617
38.599
38.5581
38.324
38.3195
38.3077
38.2059
38.2051
38.0679
38.065
38.0565
38.0287
38.0213
38.0045
38.0044
38.0043
38.0022
37.9989
37.9423
37.9395
37.902
37.8083
37.7407
37.645
37.644
37.6418
37.6036
37.5883
37.4015
37.3988
37.3883
37.3552
37.3527
37.3394
37.3394
37.3392
37.3376
37.3371
37.2855
37.285
37.2626
37.1627
37.02
36.8606
36.8588
36.8557
36.7907
36.7243
36.4737
36.4687
36.4507
36.415
36.4144
36.412
36.412
36.412
36.412
36.408
36.3805
36.3776
36.3518
36.2407
36.0704
35.7179
35.7109
35.6988
35.4839
35.3799
35.0761
35.0734
35.0492
35.0144
35.0141
35.0129
35.0129
35.0129
35.0129
35.0111
34.9848
34.9776
34.9553
34.8868
34.6645
34.3183
34.3133
34.3053
34.161
34.0399
33.7406
33.726
33.7229
33.6808
33.6711
33.6616
33.6616
33.6616
33.6611
33.6565
33.6324
33.6262
33.6129
33.5726
33.4478
33.3029
33.301
33.2964
33.2452
33.2247
33.0154
33.0027
32.9992
32.9569
32.9452
32.9315
32.9315
32.9314
32.9304
32.9237
32.8988
32.8931
32.8757
32.8446
32.7811
32.6736
32.672
32.6671
32.6324
32.6323
32.487
32.476
32.4728
32.4319
32.4177
32.4007
32.4007
32.4007
32.3992
32.3909
32.3646
32.3593
32.3417
32.3148
32.2805
32.1856
32.1844
32.1806
32.145
32.1444
32.0549
32.0339
32.0304
31.9814
31.9627
31.9454
31.9454
31.9453
31.9443
31.9387
31.901
31.8984
31.8955
31.867
31.8409
31.8108
31.8107
31.8106
31.8056
31.7876
31.7462
31.7382
31.7125
31.6871
31.6691
31.6144
31.6141
31.6128
31.6005
31.6001
31.5504
31.5403
31.5394
31.5051
31.4836
31.4736
31.4736
31.4736
31.4728
31.4541
31.4272
31.4252
31.4097
31.3773
31.3463
31.2723
31.2715
31.269
31.2471
31.2463
31.1819
31.1665
31.1659
31.1239
31.1147
31.1062
31.1062
31.1062
31.1058
31.0975
31.0708
31.0698
31.0639
31.0226
30.9607
30.9008
30.9005
30.9
30.8857
30.8607
30.7878
30.7752
30.7693
30.7357
30.7323
30.7226
30.7226
30.7226
30.722
30.7211
30.6926
30.6912
30.6874
30.6438
30.535
30.4036
30.403
30.4023
30.3687
30.2676
30.1811
30.1725
30.1675
30.1363
30.1328
30.1282
30.1282
30.1282
30.1279
30.1251
30.1051
30.1028
30.0791
30.0379
29.7375
29.287
29.2812
29.2716
29.0316
28.8188
28.6037
28.592
28.5879
28.5601
28.5572
28.5568
28.5568
28.5568
28.5568
28.5537
28.5405
28.5398
28.5251
28.4682
28.2165
27.826
27.8089
27.7687
27.2943
27.1644
27.097
27.0964
27.0963
27.0922
27.0899
26.9814
26.9809
26.9778
26.9571
26.9528
26.9207
26.9095
26.9056
26.8599
26.8232
26.7839
26.7837
26.7832
26.7571
26.7418
26.704
26.7022
26.6936
26.6578
26.6545
26.6421
26.642
26.6418
26.6373
26.6371
26.6062
26.6016
26.5969
26.5614
26.5409
26.525
26.525
26.5248
26.5154
26.5049
26.4784
26.4742
26.4636
26.4244
26.4218
26.4055
26.4054
26.405
26.3992
26.3991
26.3614
26.3582
26.3527
26.3232
26.3047
26.2792
26.2791
26.2786
26.2646
26.262
26.2359
26.2287
26.2269
26.1755
26.1676
26.165
26.165
26.165
26.1643
26.1517
26.125
26.1247
26.1128
26.0842
26.077
25.9812
25.9795
25.973
25.907
25.9065
25.8881
25.8775
25.8772
25.7986
25.7835
25.7835
25.7835
25.7835
25.7834
25.7671
25.7365
25.7365
25.7284
25.7119
25.6875
25.5996
25.5987
25.595
25.5653
25.5648
25.5334
25.5223
25.5222
25.4857
25.4584
25.4562
25.4562
25.4562
25.456
25.4345
25.4225
25.4225
25.4117
25.3809
25.3651
25.2098
25.2043
25.1773
25.1237
25.1115
25.063
25.0504
25.0413
25.0256
25.0161
24.9924
24.9923
24.9923
24.99
24.9832
24.9673
24.9638
24.9584
24.9283
24.9079
24.882
24.8819
24.8817
24.8756
24.8602
24.826
24.8241
24.8169
24.7918
24.7875
24.7719
24.7719
24.7717
24.7695
24.7692
24.7458
24.7424
24.7374
24.708
24.6862
24.6602
24.6601
24.6601
24.6539
24.6204
24.6021
24.6004
24.5853
24.5691
24.567
24.5475
24.5474
24.547
24.5432
24.5431
24.52
24.5154
24.511
24.4782
24.4567
24.4292
24.4292
24.4291
24.4224
24.3881
24.3673
24.3659
24.356
24.3374
24.3346
24.3214
24.3214
24.3212
24.3183
24.3174
24.2983
24.2958
24.2876
24.2497
24.2338
24.2053
24.2052
24.205
24.1951
24.1729
24.1393
24.1378
24.1314
24.1106
24.1079
24.096
24.0959
24.0958
24.0917
24.0861
24.0738
24.0728
24.0572
24.0204
24.0093
23.9649
23.9646
23.9637
23.9369
23.9228
23.8847
23.8826
23.8793
23.8587
23.8531
23.8168
23.8164
23.8144
23.7738
23.7721
23.7575
23.7575
23.757
23.7535
23.7296
23.6266
23.6262
23.6246
23.5991
23.5953
23.5619
23.5523
23.5437
23.5134
23.511
23.5047
23.5047
23.5046
23.5036
23.5031
23.4797
23.4788
23.4647
23.4444
23.4337
23.3887
23.3885
23.3876
23.3714
23.3681
23.3278
23.3218
23.3151
23.2928
23.2905
23.2822
23.2822
23.2821
23.28
23.2787
23.2613
23.2602
23.246
23.222
23.2118
23.169
23.1688
23.1679
23.1511
23.1454
23.1034
23.1001
23.0935
23.0751
23.0734
23.0628
23.0628
23.0627
23.0584
23.0565
23.0436
23.0422
23.0286
23.0013
22.9902
22.9466 ];
