gmRes1V100 = [
63094.8
16987.3
10681.3
10631
7956.6
4434.76
2132.26
1097.98
634.582
424.146
360.389
327.87
286.472
232.318
203.804
181.225
179.66
173.735
160.767
141.192
123.912
109.837
97.4843
88.5678
80.5358
77.8009
70.5609
68.8876
62.5489
58.3813
53.8401
50.3725
48.6377
47.5525
46.9389
46.6876
46.6385
46.6322
46.5374
46.3517
45.934
45.4066
44.522
43.1496
41.7036
39.83
37.1646
34.9737
31.1667
27.2549
22.9474
19.1924
15.9452
13.5801
11.009
9.76492
8.52887
7.70244
6.81548
6.31076
5.99723
5.65064
5.41495
5.15312
4.87276
4.57552
4.36263
4.08061
3.80047
3.52799
3.29552
3.09197
2.87286
2.66465
2.49053
2.28582
2.1107
1.98059
1.84026
1.70487
1.59674
1.52567
1.46543
1.41804
1.36983
1.31528
1.26618
1.2109
1.15246
1.10487
1.04998
0.983916
0.934021
0.884196
0.841093
0.800908
0.755338
0.713168
0.670164
0.635532
0.602002
0.601996
0.601989
0.60197
0.601964
0.601948
0.601916
0.601753
0.601298
0.600311
0.598838
0.598128
0.597875
0.597632
0.597523
0.597488
0.597338
0.59711
0.597105
0.596878
0.596353
0.595668
0.595174
0.594872
0.594852
0.594797
0.594716
0.594624
0.594277
0.594275
0.593458
0.592802
0.591997
0.591436
0.59034
0.589269
0.588403
0.586245
0.583347
0.580601
0.573253
0.560124
0.551511
0.546471
0.540517
0.536778
0.534067
0.53182
0.530902
0.529674
0.528283
0.525708
0.522965
0.51804
0.510999
0.494917
0.47978
0.459064
0.445016
0.428785
0.418493
0.410286
0.401049
0.395394
0.389329
0.383164
0.3758
0.370934
0.362706
0.355043
0.347447
0.34115
0.335843
0.329465
0.322774
0.315501
0.306751
0.295875
0.286155
0.273093
0.261031
0.251682
0.246937
0.242927
0.240546
0.23922
0.237448
0.236914
0.236146
0.235583
0.23447
0.23279
0.229531
0.227805
0.224764
0.223001
0.220224
0.217206
0.213181
0.208217
0.200195
0.200194
0.200194
0.200192
0.200192
0.200191
0.200191
0.20019
0.200186
0.200178
0.200167
0.20016
0.200157
0.200152
0.200148
0.200146
0.200142
0.200138
0.200138
0.200137
0.20013
0.200124
0.20012
0.200111
0.200109
0.200105
0.200104
0.200099
0.200098
0.200096
0.200096
0.200096
0.200096
0.200096
0.200094
0.200093
0.200092
0.200088
0.20008
0.200068
0.200023
0.199938
0.199853
0.199808
0.199731
0.199691
0.199652
0.199631
0.1996
0.19955
0.199406
0.199259
0.198923
0.198598
0.198023
0.197226
0.196301
0.195188
0.193994
0.19269
0.191662
0.191047
0.190118
0.189594
0.188893
0.188412
0.187612
0.187143
0.18616
0.185143
0.183986
0.182638
0.181608
0.179844
0.178137
0.175872
0.172969
0.168682
0.164992
0.159565
0.155081
0.15007
0.147068
0.144985
0.14343
0.142154
0.140665
0.13907
0.137303
0.135009
0.13229
0.129352
0.12374
0.11965
0.113784
0.10995
0.105633
0.10244
0.0991063
0.09616
0.0930872
0.0930863
0.0930856
0.0930828
0.0930828
0.0930817
0.0930804
0.0930733
0.0930491
0.0930005
0.0929319
0.0928985
0.0928871
0.0928764
0.092872
0.0928715
0.0928687
0.0928495
0.0928419
0.0928369
0.0928107
0.0927824
0.0927682
0.0927556
0.0927555
0.0927549
0.0927505
0.09275
0.0927371
0.0927339
0.0926865
0.0926368
0.092569
0.0925234
0.0924353
0.0923609
0.0922986
0.0921752
0.092016
0.0918622
0.0914941
0.0908221
0.0904906
0.09032
0.0901856
0.0901094
0.0900635
0.0900413
0.0900308
0.0900222
0.090003
0.0899866
0.0899616
0.0899518
0.0899294
0.0899072
0.0898617
0.0897776
0.0895981
0.0894157
0.0892833
0.0891673
0.0889652
0.0888587
0.0887091
0.0885844
0.0884269
0.0883207
0.0880831
0.0878067
0.0874527
0.087123
0.0867852
0.086402
0.0859581
0.0855643
0.0851283
0.0846032
0.0841521
0.0835408
0.0830975
0.0827002
0.0825569
0.0825131
0.0824991
0.0824991
0.0824951
0.0824673
0.0824353
0.0823899
0.0823683
0.0823302
0.0823301
0.0822745
0.0822525
0.0822521
0.082199
0.0821639
0.0819231
0.0817992
0.0814527
0.0814526
0.0814525
0.081452
0.081452
0.0814519
0.0814518
0.0814509
0.0814487
0.0814448
0.0814402
0.0814386
0.0814383
0.0814383
0.0814377
0.0814362
0.0814353
0.0814352
0.0814344
0.0814344
0.0814336
0.0814323
0.0814322
0.0814317
0.0814312
0.0814312
0.0814305
0.0814297
0.0814295
0.0814284
0.0814283
0.0814277
0.0814277
0.0814276
0.0814276
0.0814276
0.0814275
0.0814271
0.0814267
0.0814215
0.081411
0.0813906
0.081383
0.08138
0.0813784
0.0813777
0.0813768
0.0813766
0.081373
0.0813686
0.0813448
0.0813245
0.0812669
0.0812179
0.0811229
0.0810086
0.0808575
0.0806394
0.0803163
0.0798689
0.0795818
0.0793696
0.079072
0.0788595
0.0786844
0.0785453
0.0783981
0.0782782
0.0781252
0.0779138
0.0776725
0.0773318
0.0770318
0.0765439
0.0759422
0.0751698
0.0742656
0.0729056
0.0715627
0.0696713
0.067762
0.0656732
0.0640943
0.0631964
0.0625543
0.0621088
0.0616608
0.0612602
0.0608894
0.0606795
0.0605145
0.0604787
0.0604391
0.0604305
0.0604079
0.0604079
0.0604056
0.0603729
0.060341
0.0600973
0.0597646
0.0597646
0.0597645
0.0597644
0.0597644
0.0597643
0.0597643
0.0597643
0.0597641
0.0597638
0.0597637
0.0597635
0.0597635
0.0597635
0.0597635
0.0597634
0.0597634
0.0597634
0.0597634
0.0597634
0.0597633
0.0597632
0.0597629
0.0597623
0.0597612
0.0597601
0.0597594
0.0597584
0.0597575
0.059755
0.0597515
0.0597458
0.0597391
0.0597342
0.0597306
0.059729
0.0597285
0.0597284
0.0597284
0.0597284
0.059728
0.0597266
0.0597258
0.0597258
0.0597258
0.0597253
0.0597247
0.0597225
0.059721
0.0597154
0.059709
0.0596974
0.0596783
0.0596501
0.0596178
0.0595551
0.0594962
0.0593807
0.0592511
0.0590556
0.0589272
0.0588433
0.0587364
0.058678
0.05861
0.0585565
0.0584557
0.0584033
0.0583088
0.0582157
0.0581221
0.0580092
0.0579394
0.0578131
0.0577123
0.0575502
0.0574123
0.0571447
0.0569761
0.0566918
0.0564422
0.0562187
0.0560704
0.0559657
0.0558484
0.0557538
0.0555508
0.055377
0.055072
0.0546903
0.0541618
0.0535033
0.0524686
0.0516011
0.0505407
0.0497092
0.0486989
0.0477628
0.0469292
0.0460947
0.0454051
0.0454048
0.0454046
0.0454037
0.0454037
0.0454032
0.0454027
0.0454
0.045392
0.0453769
0.0453565
0.0453473
0.0453449
0.045343
0.0453429
0.0453428
0.0453426
0.0453381
0.0453366
0.0453345
0.0453244
0.0453135
0.045307
0.0453015
0.0453014
0.0453009
0.045299
0.045298
0.0452944
0.0452942
0.0452866
0.0452818
0.0452745
0.0452703
0.0452632
0.0452566
0.0452529
0.0452373
0.0452183
0.045184
0.0451014
0.0449278
0.0448449
0.0447917
0.0447532
0.0447196
0.0446888
0.0446429
0.0446081
0.0445344
0.0444581
0.0443268
0.0442061
0.0440474
0.0439392
0.0437623
0.0436382
0.0434366
0.0432111
0.0429513
0.0428139
0.0427124
0.0425587
0.0424767
0.0423651
0.0423005
0.0422166
0.0421715
0.0420871
0.0420056
0.0418876
0.0417692
0.0416673
0.0415156
0.0413525
0.041196
0.0410202
0.0408195
0.0406152
0.0403043
0.0400469
0.0396953
0.039515
0.0393988
0.0393295
0.0392226
0.0390836
0.038879
0.0386454
0.0383512
0.038082
0.0378755
0.0375971
0.0374532
0.037226
0.037088
0.0368859
0.0367608
0.0365154
0.0363271
0.0360225
0.0360222
0.0360221
0.0360213
0.0360213
0.0360211
0.0360208
0.0360187
0.0360131
0.0360023
0.0359878
0.0359818
0.0359803
0.0359792
0.0359792
0.0359792
0.0359792
0.0359765
0.0359692
0.0359692
0.0359611
0.0359499
0.0359419
0.0359358
0.0359352
0.0359346
0.0359335
0.0359328
0.0359291
0.035929
0.0359232
0.0359208
0.0359171
0.0359155
0.035912
0.0359079
0.035905
0.0358905
0.0358682
0.035834
0.0357381
0.0355849
0.0355231
0.0354965
0.0354813
0.0354707
0.0354611
0.035449
0.0354379
0.0354178
0.0353866
0.0353404
0.0352796
0.0352304
0.0351896
0.0351542
0.0351093
0.0350458
0.0349294
0.034814
0.0347223
0.0346562
0.0345115
0.0344368
0.0343471
0.0343037
0.0342572
0.0342305
0.0341901
0.03412
0.0340339
0.0339073
0.0338051
0.0336264
0.0334417
0.0332952
0.0331989
0.0330907
0.0330166
0.0329144
0.032819
0.0327325
0.0326643
0.0326307
0.032591
0.032563
0.0325164
0.0324966
0.0324817
0.0324738
0.0324698
0.0324642
0.0324523
0.0324483
0.0324006
0.0323391
0.0322072
0.0319975
0.0317229
0.0315184
0.0313088
0.0313086
0.0313083
0.0313073
0.0313071
0.0313069
0.0313063
0.0313032
0.0312943
0.031279
0.0312609
0.031254
0.0312529
0.0312527
0.0312516
0.0312486
0.0312471
0.0312466
0.0312402
0.0312352
0.0312315
0.0312258
0.0312181
0.0312176
0.0312176
0.0312173
0.0312149
0.0312148
0.0312072
0.0312071
0.0312009
0.0311961
0.0311926
0.0311915
0.0311904
0.0311903
0.0311896
0.0311888
0.0311757
0.0311713
0.0310938
0.0310614
0.0310152
0.0310149
0.0310033
0.0310033
0.0309981
