bicRes = [
1.45005e+14
2.17057e+13
1.33896e+13
1.73034e+13
1.21764e+13
1.0921e+14
1.07734e+14
1.03131e+14
5.70352e+13
6.04867e+14
7.45673e+13
8.55017e+14
7.37211e+13
8.34373e+13
5.74507e+13
1.12133e+15
1.07424e+13
1.0706e+13
1.06206e+13
1.32793e+13
1.32604e+13
1.50332e+14
1.41644e+14
1.39549e+14
1.38254e+14
1.47965e+14
1.07776e+14
8.05805e+13
5.71173e+13
4.95257e+14
2.0586e+13
2.13315e+13
2.07159e+13
1.68326e+13
1.44626e+13
1.17055e+14
5.59239e+13
8.1079e+13
4.24175e+13
3.51499e+13
3.35934e+13
3.94346e+14
2.84226e+14
1.8692e+14
1.37564e+14
1.47995e+14
1.07386e+14
1.54599e+14
1.03456e+14
8.80861e+13
8.80717e+13
1.46693e+14
1.43796e+14
1.63248e+14
1.07081e+14
4.46528e+13
2.93409e+13
5.52523e+13
2.91163e+13
2.73352e+13
1.81846e+13
2.82423e+13
1.76588e+13
4.94226e+13
4.55771e+13
2.11575e+13
1.54927e+13
1.18391e+14
1.07982e+14
2.09755e+13
1.31372e+13
1.40053e+13
1.32161e+13
1.7001e+13
1.52413e+13
1.55997e+13
1.47889e+13
2.06229e+13
1.94077e+13
2.54175e+13
1.89747e+13
1.93511e+14
1.93321e+14
5.44909e+13
3.94959e+13
2.19331e+14
8.65336e+13
1.22549e+14
1.17574e+14
1.15237e+14
1.11254e+14
1.11901e+14
1.09895e+14
5.30689e+13
5.3068e+13
6.98021e+13
3.11956e+13
3.13801e+13
2.4685e+13
3.13437e+13
3.00379e+13
1.59487e+13
1.49344e+13
2.12331e+13
1.86458e+13
9.80182e+12
8.67221e+12
8.77261e+12
8.47184e+12
8.45198e+12
8.43472e+12
8.4284e+12
8.42664e+12
9.82794e+12
7.67883e+12
8.43578e+13
7.88915e+13
1.30958e+15
1.28498e+15
8.95596e+14
8.53888e+14
6.95486e+13
4.0033e+13
2.10631e+13
1.22931e+13
1.58687e+13
1.53723e+13
3.31909e+13
1.23294e+13
1.26737e+13
1.1206e+13
1.06037e+13
9.07996e+12
9.39179e+12
7.8337e+12
1.45911e+13
8.48143e+12
2.17726e+13
1.65253e+13
5.40489e+12
5.11659e+12
4.59861e+12
4.43947e+12
4.45429e+12
4.45384e+12
8.7438e+12
6.1649e+12
5.62944e+12
5.3472e+12
5.31688e+12
5.22855e+12
4.86326e+12
4.85766e+12
4.95229e+12
4.95188e+12
5.10002e+12
4.66921e+12
4.679e+12
4.48284e+12
4.48674e+12
4.46779e+12
4.63031e+12
4.56314e+12
5.0706e+12
4.54473e+12
4.82936e+12
4.61485e+12
4.57336e+12
4.45363e+12
4.63503e+12
4.4399e+12
4.43276e+12
4.42076e+12
4.46977e+12
4.31047e+12
4.27103e+12
4.22756e+12
4.489e+12
4.40495e+12
4.23328e+12
4.21977e+12
4.66403e+12
4.40641e+12
4.83196e+12
4.562e+12
4.91674e+12
4.91575e+12
5.069e+12
4.97369e+12
6.86476e+12
6.49273e+12
6.8717e+12
6.46781e+12
9.07837e+12
6.94461e+12
7.99978e+12
6.13892e+12
5.91577e+12
5.90801e+12
8.25933e+12
4.91684e+12
4.94921e+12
4.94588e+12
7.50141e+12
7.10117e+12
4.03582e+13
3.51186e+13
7.30825e+12
7.23949e+12
9.87666e+12
9.87376e+12
8.1817e+12
8.16792e+12
1.04618e+13
5.51973e+12
5.52467e+12
5.18812e+12
1.10093e+13
4.64821e+12
6.59207e+13
5.03487e+13
5.24841e+12
5.20213e+12
6.31412e+12
6.27917e+12
5.05345e+12
4.3731e+12
4.51842e+12
4.47788e+12
6.41495e+12
5.9791e+12
8.20951e+12
6.2753e+12
4.00799e+12
3.93457e+12
3.93631e+12
3.93045e+12
3.74384e+12
3.626e+12
3.66279e+12
3.5541e+12
3.75206e+12
3.59413e+12
3.73043e+12
3.59676e+12
3.55288e+12
3.54925e+12
4.41783e+12
3.87082e+12
3.63451e+12
3.58794e+12
3.59254e+12
3.56786e+12
3.63496e+12
3.55867e+12
3.5579e+12
3.55725e+12
3.56853e+12
3.53896e+12
3.55287e+12
3.54509e+12
3.61935e+12
3.55043e+12
3.55935e+12
3.51646e+12
3.5417e+12
3.53097e+12
3.54806e+12
3.51807e+12
3.55777e+12
3.55768e+12
3.55823e+12
3.55798e+12
3.55223e+12
3.55162e+12
3.5762e+12
3.56719e+12
3.57982e+12
3.57982e+12
3.48344e+12
3.48106e+12
3.49866e+12
3.49542e+12
3.49315e+12
3.49076e+12
3.36009e+12
3.34133e+12
3.16491e+12
3.16488e+12
3.90626e+12
3.46896e+12
3.34762e+12
3.33407e+12
3.51796e+12
3.47704e+12
4.97996e+12
4.97986e+12
3.17981e+12
3.17573e+12
3.16048e+12
3.16024e+12
3.45309e+12
3.40855e+12
3.1348e+12
3.13171e+12
3.08395e+12
3.07199e+12
3.06176e+12
3.06175e+12
3.03616e+12
2.99559e+12
2.99441e+12
2.97654e+12
3.08967e+12
3.04171e+12
3.09916e+12
2.88949e+12
4.90696e+12
3.73784e+12
8.01676e+12
7.77474e+12
1.35993e+13
9.52854e+12
1.34939e+13
1.1153e+13
1.78912e+13
1.78377e+13
3.3168e+12
3.31646e+12
2.4723e+12
2.31944e+12
2.32697e+12
2.2589e+12
2.2535e+12
2.25279e+12
8.04301e+12
6.7062e+12
2.89461e+12
2.43934e+12
2.24795e+12
2.17334e+12
2.16909e+12
2.15767e+12
4.754e+12
2.64243e+12
2.1724e+12
2.1723e+12
2.17312e+12
2.17249e+12
2.3178e+12
2.30212e+12
2.24371e+12
2.24308e+12
2.17262e+12
2.17256e+12
2.25976e+12
2.25897e+12
2.25895e+12
2.25732e+12
2.25911e+12
2.25824e+12
2.26392e+12
2.25668e+12
2.26638e+12
2.2359e+12
2.28377e+12
2.27696e+12
2.59081e+12
2.58907e+12
2.22476e+12
2.2245e+12
2.86131e+12
2.8613e+12
4.0373e+12
3.98843e+12
2.99968e+12
2.97433e+12
1.17678e+13
1.16971e+13
1.15168e+13
1.14811e+13
6.02728e+14
6.02707e+14
3.17889e+12
3.13121e+12
3.1516e+12
3.11454e+12
3.0648e+12
3.05185e+12
2.17898e+12
2.16496e+12
2.19564e+12
2.18144e+12
2.16847e+12
2.16845e+12
1.00064e+13
9.54913e+12
1.83129e+13
1.83128e+13
3.08541e+12
2.78686e+12
3.02975e+12
3.02565e+12
2.20993e+12
2.19348e+12
2.19465e+12
2.19139e+12
2.24525e+12
2.21784e+12
2.19976e+12
2.19923e+12
2.19472e+12
2.19152e+12
2.19343e+12
2.18804e+12
2.18799e+12
2.18798e+12
2.21758e+12
2.18563e+12
2.20921e+12
2.19071e+12
2.16377e+12
2.16376e+12
4.84753e+12
2.18711e+12
2.16056e+12
2.15711e+12
2.34346e+12
2.30485e+12
3.57967e+12
3.47819e+12
2.21881e+12
2.05672e+12
1.97813e+12
1.97813e+12
1.97813e+12
1.97813e+12
1.97842e+12
1.97807e+12
1.97804e+12
1.97779e+12
1.98732e+12
1.98618e+12
2.77008e+13
2.68629e+13
3.23665e+12
3.19507e+12
1.01336e+13
8.55631e+12
2.17181e+12
2.16529e+12
2.15967e+12
2.15908e+12
2.14916e+12
2.14916e+12
2.14686e+12
2.14665e+12
2.16638e+12
2.16637e+12
2.18275e+12
2.18252e+12
2.18255e+12
2.18233e+12
2.16538e+12
2.16536e+12
2.2412e+12
2.24118e+12
2.0991e+12
2.09896e+12
2.38639e+12
2.38311e+12
2.04116e+12
2.03667e+12
2.01507e+12
2.01313e+12
2.06126e+12
2.04342e+12
2.02432e+12
2.02414e+12
1.98988e+12
1.98637e+12
1.99139e+12
1.99137e+12
2.47354e+12
2.31122e+12
1.97398e+12
1.97303e+12
1.96986e+12
1.96982e+12
2.8698e+12
2.73691e+12
1.95118e+12
1.95021e+12
2.14045e+12
2.13975e+12
2.13848e+12
2.1382e+12
1.9376e+12
1.92146e+12
1.93241e+12
1.91819e+12
1.91812e+12
1.91811e+12
1.92416e+12
1.92279e+12
1.92279e+12
1.92277e+12
1.95343e+12
1.95304e+12
2.07886e+12
2.07872e+12
1.93707e+12
1.93707e+12
1.95247e+12
1.95243e+12
2.17912e+12
2.17521e+12
1.88428e+14
1.8632e+14
2.00219e+12
2.00078e+12
1.81535e+13
1.80824e+13
1.87918e+12
1.86301e+12
1.87955e+12
1.87067e+12
1.86306e+12
1.86068e+12
1.85285e+12
1.84971e+12
1.84964e+12
1.84964e+12
1.85812e+12
1.85685e+12
1.85628e+12
1.8562e+12
1.92711e+12
1.92584e+12
1.96719e+12
1.96611e+12
2.19489e+12
2.19325e+12
1.84785e+12
1.84734e+12
2.15441e+12
2.07503e+12
1.98659e+12
1.98449e+12
1.97208e+12
1.89532e+12
1.84608e+12
1.84545e+12
3.45548e+12
3.44981e+12
3.40127e+12
3.40014e+12
3.17186e+12
3.17177e+12
3.20844e+12
3.20769e+12
2.45561e+12
2.45556e+12
5.10016e+12
5.09976e+12
1.98227e+12
1.98151e+12
1.94619e+12
1.94599e+12
1.88286e+12
1.88278e+12
2.0594e+12
2.05928e+12
1.81763e+12
1.81557e+12
1.85777e+12
1.85775e+12
2.16378e+12
2.15864e+12
1.84812e+12
1.84119e+12
1.807e+12
1.80344e+12
1.80347e+12
1.80326e+12
1.89417e+12
1.8837e+12
2.86043e+12
2.78851e+12
2.18587e+12
2.1643e+12
3.94414e+12
3.90371e+12
6.04976e+13
5.97244e+13
2.04001e+12
2.03884e+12
2.04752e+12
2.04746e+12
1.89211e+12
1.89101e+12
1.891e+12
1.89032e+12
1.89788e+12
1.89592e+12
1.9102e+12
1.90573e+12
1.89092e+12
1.88288e+12
1.94252e+12
1.87813e+12
1.8778e+12
1.86588e+12
1.88346e+12
1.86484e+12
1.86504e+12
1.86355e+12
1.89525e+12
1.89448e+12
1.91032e+12
1.88846e+12
1.89289e+12
1.88659e+12
1.91283e+12
1.91118e+12
1.91128e+12
1.91103e+12
2.01038e+12
2.00211e+12
1.82822e+12
1.82728e+12
1.93004e+12
1.86357e+12
1.60536e+14
5.84685e+13
1.54442e+13
1.46049e+13
1.85303e+12
1.83395e+12
1.82573e+12
1.82037e+12
2.20765e+12
2.20759e+12
3.78292e+12
3.3522e+12
3.07525e+12
3.06689e+12
1.83305e+12
1.82167e+12
1.93033e+12
1.92176e+12
2.64894e+12
2.6215e+12
2.06969e+12
2.05967e+12
2.00979e+12
1.9444e+12
1.87126e+12
1.8408e+12
1.81035e+12
1.8092e+12
1.80889e+12
1.80888e+12
1.80887e+12
1.80883e+12
1.80785e+12
1.80427e+12
1.82046e+12
1.81875e+12
1.83052e+12
1.82392e+12
1.87708e+12
