gmRes1V10 = [
166.42
166.409
166.318
162.893
124.7
62.1406
59.888
44.1902
33.114
32.9831
32.9641
32.9605
32.9499
32.9407
32.9322
32.9137
32.913
32.9007
32.7287
32.6471
32.4932
32.4932
32.4922
32.4917
32.4807
32.4684
32.4643
32.4516
32.3339
32.2899
32.2597
32.2597
32.2593
32.2534
32.2503
32.25
32.2475
32.2384
32.2231
32.2089
32.1629
32.162
32.1369
32.1338
32.1338
32.1299
32.1271
32.1268
32.1223
32.1083
32.1078
32.1078
32.1074
32.1028
32.0978
32.0978
32.0967
32.0912
32.0855
32.0823
32.0657
32.0657
32.0572
32.057
32.0523
32.0462
32.0435
32.0424
32.0366
32.0299
32.0288
32.0288
32.028
32.0278
32.0225
32.0188
32.0139
32.0137
32.0049
32.0043
31.996
31.9956
31.99
31.9893
31.9855
31.9804
31.979
31.976
31.9725
31.9713
31.965
31.965
31.964
31.9639
31.9598
31.9571
31.9522
31.9505
31.9416
31.9413
31.9357
31.9355
31.9337
31.9336
31.9274
31.924
31.924
31.9177
31.9155
31.9151
31.9071
31.9071
31.9056
31.9027
31.9
31.8988
31.8972
31.8924
31.8919
31.8801
31.88
31.88
31.88
31.8791
31.8758
31.8747
31.8747
31.8705
31.8646
31.8617
31.8596
31.8596
31.8596
31.8592
31.8574
31.8567
31.8566
31.8481
31.8452
31.84
31.8353
31.8353
31.8346
31.8328
31.8294
31.8293
31.8256
31.8188
31.8183
31.8163
31.8155
31.8155
31.8155
31.8153
31.8141
31.8138
31.8134
31.8047
31.8023
31.798
31.7897
31.7897
31.7891
31.7866
31.7809
31.78
31.78
31.7756
31.7703
31.7684
31.7678
31.7678
31.7678
31.7675
31.7669
31.7667
31.7665
31.7572
31.7572
31.7499
31.74
31.74
31.7398
31.7375
31.7294
31.7267
31.7261
31.7233
31.7165
31.7162
31.7151
31.7151
31.7151
31.7151
31.7142
31.7142
31.714
31.7073
31.707
31.7023
31.6877
31.6868
31.6862
31.686
31.6766
31.6715
31.667
31.667
31.6621
31.6613
31.6608
31.6608
31.6606
31.6605
31.6596
31.6571
31.6566
31.6548
31.6466
31.634
31.6338
31.6337
31.6336
31.6305
31.6198
31.616
31.6147
31.6137
31.6083
31.6082
31.6073
31.6073
31.6071
31.607
31.6057
31.6045
31.604
31.6016
31.5939
31.5853
31.5825
31.5825
31.5804
31.5779
31.5708
31.5705
31.5677
31.5648
31.5587
31.5582
31.5577
31.5577
31.5576
31.5575
31.5561
31.5546
31.5534
31.5516
31.5442
31.5377
31.5326
31.5325
31.5291
31.5273
31.5199
31.519
31.5178
31.5146
31.5085
31.5078
31.5074
31.5074
31.5073
31.5072
31.5057
31.504
31.5016
31.5008
31.4936
31.4885
31.4816
31.4811
31.477
31.4756
31.4674
31.4652
31.4649
31.4627
31.4568
31.4562
31.4556
31.4556
31.4555
31.4553
31.4538
31.452
31.4483
31.4483
31.4413
31.436
31.4294
31.4292
31.4239
31.4226
31.4148
31.4126
31.4123
31.4103
31.4045
31.4038
31.4032
31.4032
31.4031
31.4029
31.4014
31.3997
31.3958
31.3958
31.3896
31.3847
31.3775
31.3774
31.3715
31.3702
31.3632
31.3614
31.3611
31.3589
31.3536
31.3529
31.3519
31.3519
31.3518
31.3517
31.3502
31.3489
31.3471
31.3458
31.3393
31.3344
31.3262
31.3261
31.3202
31.3184
31.3106
31.3073
31.3073
31.3062
31.3021
31.3016
31.3002
31.3002
31.3001
31.3
31.2977
31.2968
31.2968
31.2939
31.2888
31.2888
31.274
31.274
31.2726
31.2677
31.2581
31.2576
31.2566
31.2534
31.2502
31.2502
31.2478
31.2478
31.2478
31.2477
31.2457
31.2455
31.2443
31.2407
31.2386
31.2348
31.222
31.222
31.2187
31.2129
31.2067
31.2051
31.2032
31.2
31.1997
31.1964
31.1964
31.1964
31.1964
31.1964
31.1955
31.1951
31.1951
31.1929
31.1873
31.1869
31.1778
31.1778
31.1774
31.1755
31.1692
31.169
31.1688
31.1667
31.1624
31.1619
31.1602
31.1602
31.1602
31.1602
31.1594
31.159
31.159
31.1552
31.1517
31.1513
31.1445
31.1445
31.1444
31.1432
31.137
31.1368
31.1366
31.1334
31.1303
31.1297
31.1284
31.1284
31.1284
31.1284
31.1269
31.1263
31.1263
31.1234
31.1195
31.1195
31.1135
31.1135
31.1126
31.1121
31.1072
31.1062
31.1062
31.1039
31.1002
31.1002
31.0985
31.0985
31.0984
31.0984
31.0968
31.0957
31.095
31.0935
31.0889
31.0885
31.0838
31.0837
31.0817
31.0815
31.0775
31.0759
31.0759
31.0741
31.0704
31.0704
31.0688
31.0688
31.0687
31.0686
31.067
31.0654
31.0635
31.0632
31.0593
31.0575
31.054
31.054
31.051
31.051
31.0475
31.0451
31.0446
31.044
31.0402
31.0395
31.0389
31.0389
31.0388
31.0387
31.037
31.0352
31.0328
31.0327
31.0295
31.0275
31.0236
31.0236
31.0202
31.0201
31.0166
31.0146
31.0145
31.0136
31.0094
31.0086
31.0082
31.0082
31.008
31.0079
31.0061
31.0043
31.0017
31.0017
30.9987
30.9967
30.9918
30.9918
30.9874
30.9873
30.9837
30.9821
30.9821
30.9811
30.9766
30.9758
30.9753
30.9753
30.9752
30.9751
30.9732
30.9713
30.9686
30.9686
30.9658
30.9634
30.957
30.957
30.9511
30.951
30.947
30.9457
30.9457
30.9446
30.9399
30.939
30.9385
30.9385
30.9384
30.9382
30.9364
30.9346
30.9322
30.9322
30.929
30.9285
30.9179
30.9178
30.9091
30.909
30.9059
30.9044
30.9044
30.9037
30.8994
30.899
30.8974
30.8974
30.8973
30.8972
30.8955
30.894
30.8917
30.8916
30.8883
30.8882
30.8734
30.8734
30.8645
30.8625
30.8571
30.8558
30.8558
30.8544
30.8511
30.851
30.8487
30.8487
30.8485
30.8485
30.8458
30.8439
30.8429
30.8423
30.8402
30.8402
30.7718
30.7717
30.7308
30.7063
30.6939
30.6916
30.6915
30.6905
30.6875
30.6868
30.6852
30.6851
30.6846
30.6846
30.6839
30.6836
30.6836
30.6829
30.6752
30.67
30.6699
30.6699
30.6699
30.6689
30.6648
30.664
30.664
30.6607
30.6561
30.6559
30.6548
30.6548
30.6545
30.6545
30.6535
30.6527
30.6522
30.6517
30.6444
30.6422
30.6416
30.6416
30.6412
30.6411
30.6376
30.6356
30.6352
30.6333
30.6296
30.6294
30.6284
30.6284
30.6281
30.628
30.6269
30.6256
30.6236
30.6236
30.6183
30.6166
30.6157
30.6157
30.6151
30.6151
30.6119
30.6097
30.609
30.6073
30.6042
30.6038
30.603
30.603
30.6027
30.6026
30.6014
30.6
30.597
30.5948
30.5932
30.5897
30.5897
30.5897
30.5896
30.5888
30.5853
30.585
30.5849
30.5808
30.5786
30.5785
30.5764
30.5764
30.576
30.576
30.5748
30.5736
30.5717
30.5717
30.5669
30.5652
30.5645
30.5644
30.5639
30.5638
30.5608
30.5587
30.5582
30.5564
30.5536
30.5531
30.5525
30.5525
30.5521
30.5521
30.5509
30.5498
30.5487
30.5483
30.5433
30.5421
30.541
30.541
30.5402
30.5402
30.5376
30.5354
30.5347
30.5333
30.5307
30.5303
30.5295
30.5294
30.5291
30.5291
30.5278
30.5268
30.5259
30.5253
30.5205
30.5196
30.5183
30.5183
30.5173
30.5173
30.5151
30.5126
30.5114
30.5107
30.5083
30.5077
30.5071
30.5071
30.5068
30.5068
30.5055
30.5045
30.5039
30.503
30.4984
30.4977
30.4963
30.4963
30.4952
30.4952
30.4932
30.4908
30.4893
30.4889
30.4866
30.4859
30.4855
30.4854
30.4851
30.4851
30.4838
30.4829
30.4824
30.4814
30.477
30.4764
30.4749
30.4749
30.4737
30.4737
30.4719
30.4695
30.468
30.4677
30.4654
30.4648
30.4643
30.4643
30.464
30.464
30.4627
30.4618
30.4614
30.4603
30.456
30.4556
30.454
30.454
30.4527
30.4527
30.4511
30.4488
30.4472
30.447
30.4448
30.4441
30.4437
30.4436
30.4433
30.4433
30.442
30.4412
30.4408
30.4396
30.4356
30.4353
30.4336
30.4336
30.4323
30.4321
30.4308
30.4285
30.4269
30.4267
30.4246
30.424
30.4235
30.4235
30.4232
30.4231
30.4219
30.421
30.4206
30.4195
30.4156
30.4154
30.4136
30.4136
30.4122
30.4121
30.4108
30.4087
30.4071
30.4069
30.4048
30.4042
30.4037
30.4037
30.4034
30.4033
30.4021
30.4012
30.4009
30.3997
30.3961
30.3959
30.394
30.394
30.3926
30.3924
30.3913
30.3893
30.3877
30.3875
30.3854
30.3848
30.3843
30.3843
30.384
30.384
30.3827
30.3819
30.3815
30.3804
30.3769
30.3767
30.3748
30.3748
30.3734
30.3731
30.3722
30.3702
30.3687
30.3685
30.3664
30.3658
30.3653
30.3653
30.365
30.365
30.3637
30.3629
30.3625
30.3614
30.3581
30.358
30.356
30.356
30.3545
30.3542
30.3534
30.3515
30.35
30.3498
30.3477
30.3471
30.3467
30.3467
30.3464
30.3463
30.3451
30.3442
30.3439
30.3427
30.3396
30.3395
30.3375
30.3375
30.3359
30.3356
30.3349
30.3331
30.3316
30.3315
30.3294
30.3288
30.3283
30.3283
30.328
30.328
30.3267
30.3259
30.3255
30.3244
30.3214
30.3214
30.3193
30.3193
30.3177
30.3173
30.3167
30.315
30.3136
30.3134
30.3113
30.3107
30.3103
30.3102
30.31
30.3099
30.3087
30.3079
30.3075
30.3063
30.3035
30.3035
30.3014
30.3014
30.2997
30.2993
30.2988
30.2971
30.2957
30.2956
30.2935
30.2929
30.2925
30.2925
30.2922
30.2921
30.2909
30.2901
30.2897
30.2885
30.2859
30.2859
30.2837
30.2837
30.282
30.2816
30.2811
30.2795
30.2782
30.278
30.2759
30.2753
30.2749
30.2749
30.2746
30.2746
30.2734
30.2726
30.2722
30.271
30.2685
30.2685
30.2663
30.2663
30.2645
30.264
30.2636
30.2621
30.2608
30.2607
30.2586
30.258
30.2576 ];
