gmRes0V10 = [
158.281
23.8594
18.6232
16.2258
16.117
12.7603
11.7169
11.4394
9.43246
9.27146
8.64885
8.40497
8.38794
8.38649
8.37539
8.3565
8.32316
8.30146
8.23249
8.11623
8.11623
8.11622
8.01244
7.98772
7.98137
7.97557
7.94458
7.92927
7.92025
7.91828
7.88764
7.88707
7.86357
7.85633
7.85484
7.83382
7.82379
7.80238
7.80209
7.75743
7.69096
7.68651
7.65238
7.58899
7.58879
7.57864
7.56985
7.54793
7.54174
7.54054
7.52068
7.51987
7.50806
7.50015
7.49978
7.49488
7.47834
7.46687
7.45544
7.45379
7.3803
7.36232
7.34367
7.31138
7.30496
7.30267
7.29162
7.27669
7.26503
7.26486
7.25313
7.24795
7.24633
7.23779
7.23599
7.23426
7.22463
7.2091
7.19757
7.19747
7.13752
7.08423
7.08194
7.0808
7.06682
7.05315
7.0531
7.04952
7.03633
7.03313
7.02901
7.02577
7.02482
7.01651
7.00687
7.00518
7.00293
6.98947
6.9803
6.9802
6.95146
6.9507
6.93368
6.92823
6.92818
6.90951
6.90166
6.90162
6.89377
6.88379
6.88162
6.87984
6.87417
6.86566
6.86215
6.85742
6.85003
6.8386
6.83819
6.82628
6.81347
6.80183
6.79023
6.7894
6.78868
6.77518
6.76781
6.76662
6.75714
6.74962
6.74784
6.7466
6.74073
6.73241
6.73005
6.72368
6.70849
6.70658
6.70522
6.69677
6.67842
6.66138
6.65278
6.65111
6.65039
6.64251
6.6321
6.62921
6.61871
6.61391
6.61254
6.6107
6.60388
6.59629
6.59422
6.58982
6.58055
6.57373
6.5734
6.56149
6.53979
6.52142
6.50894
6.50777
6.49997
6.49207
6.48711
6.48615
6.4794
6.47341
6.47173
6.47015
6.46541
6.45468
6.45369
6.45076
6.44519
6.43482
6.43447
6.42443
6.39712
6.37274
6.36136
6.36062
6.35917
6.34776
6.34134
6.33262
6.32903
6.32537
6.324
6.32303
6.32064
6.31774
6.3095
6.30836
6.30669
6.28679
6.28676
6.27702
6.24711
6.23036
6.21234
6.21046
6.21028
6.20115
6.19019
6.1901
6.18149
6.17836
6.1776
6.17674
6.17087
6.16178
6.16014
6.15659
6.15049
6.14036
6.13973
6.11998
6.09762
6.07596
6.05715
6.05614
6.04887
6.04265
6.03732
6.03713
6.02981
6.02407
6.02353
6.02316
6.02079
6.00919
6.00671
6.00552
5.98643
5.98202
5.9816
5.96897
5.93831
5.92084
5.90511
5.90033
5.89958
5.87536
5.87308
5.87301
5.86487
5.86172
5.86112
5.86036
5.85549
5.84912
5.84156
5.84124
5.82809
5.79709
5.79671
5.72038
5.71933
5.71817
5.6682
5.6536
5.6519
5.63136
5.60798
5.60413
5.59747
5.59415
5.59295
5.59242
5.59074
5.58559
5.56296
5.55795
5.55772
5.48034
5.3989
5.39309
5.01231
4.9983
4.82149
4.75711
4.72689
4.7084
4.64887
4.64069
4.64054
4.63047
4.6258
4.62439
4.62427
4.62241
4.6185
4.61817
4.61776
4.60985
4.60842
4.60747
4.60248
4.59859
4.59696
4.5963
4.5916
4.58439
4.58436
4.57817
4.57465
4.55445
4.54194
4.53348
4.52071
4.51547
4.51231
4.51207
4.51132
4.50442
4.50178
4.50177
4.49762
4.49709
4.49485
4.49473
4.49336
4.49104
4.48913
4.48848
4.4852
4.48346
4.48311
4.48258
4.48196
4.47908
4.47852
4.47745
4.47445
4.46235
4.45372
4.43645
4.41866
4.41853
4.41143
4.41032
4.41029
4.40918
4.40918
4.40285
4.40116
4.4002
4.39632
4.39553
4.39476
4.39422
4.39328
4.39308
4.39256
4.38588
4.38587
4.38481
4.3848
4.3848
4.38429
4.38426
4.38425
4.38422
4.38323
4.38195
4.37872
4.37837
4.3771
4.37675
4.3761
4.37452
4.37433
4.37424
4.3739
4.37289
4.37264
4.37262
4.37244
4.37243
4.37243
4.37238
4.37227
4.37225
4.37185
4.37138
4.36991
4.3699
4.3686
4.36824
4.36773
4.36707
4.36675
4.36665
4.36637
4.36555
4.36547
4.36543
4.36538
4.36538
4.36538
4.36535
4.36525
4.36518
4.3649
4.36388
4.36299
4.36292
4.36168
4.36144
4.36094
4.35999
4.35952
4.35929
4.35894
4.35869
4.35861
4.35846
4.35845
4.35845
4.35839
4.35838
4.35833
4.35822
4.35818
4.35802
4.35636
4.35635
4.35455
4.35403
4.35341
4.35143
4.35113
4.35112
4.35073
4.35052
4.35052
4.35044
4.35044
4.35044
4.35042
4.35041
4.35039
4.35032
4.35032
4.3502
4.34902
4.34888
4.34772
4.34712
4.34669
4.34614
4.34568
4.34567
4.34509
4.34494
4.34487
4.34478
4.34477
4.34476
4.34468
4.34468
4.34467
4.34465
4.34465
4.34459
4.34398
4.34348
4.34222
4.34149
4.34103
4.34056
4.34046
4.3403
4.33995
4.33988
4.33987
4.33965
4.33959
4.33959
4.33946
4.33942
4.3394
4.33932
4.33932
4.33927
4.33835
4.33788
4.33737
4.33699
4.3365
4.3359
4.33587
4.33572
4.3355
4.33549
4.3354
4.33529
4.3352
4.33519
4.33512
4.335
4.33499
4.33483
4.33483
4.33476
4.33364
4.33321
4.33263
4.33216
4.33166
4.33091
4.33091
4.33077
4.33046
4.33045
4.33029
4.33027
4.33018
4.33015
4.33011
4.32998
4.32998
4.32975
4.32974
4.32963
4.32806
4.32769
4.32687
4.32613
4.32569
4.32451
4.32451
4.32437
4.32389
4.32374
4.32368
4.32368
4.32323
4.32293
4.32289
4.32277
4.32262
4.32259
4.32235
4.32232
4.32033
4.31968
4.3188
4.31796
4.31736
4.31609
4.31605
4.3157
4.31549
4.31536
4.31521
4.31517
4.31481
4.31454
4.31448
4.31438
4.31432
4.31429
4.31412
4.31401
4.31083
4.31038
4.30839
4.30631
4.30595
4.30307
4.30285
4.30244
4.30177
4.30177
4.30135
4.30067
4.30056
4.30045
4.29999
4.29977
4.29977
4.29865
4.29752
4.29579
4.29457
4.29195
4.29092
4.28986
4.28786
4.28678
4.28661
4.28545
4.28431
4.28423
4.28358
4.28338
4.28335
4.28334
4.28297
4.28289
4.28287
4.28223
4.28043
4.26795
4.26782
4.23776
4.22419
4.21712
4.19435
4.1858
4.17611
4.16575
4.16312
4.16158
4.16158
4.16118
4.16084
4.16082
4.16073
4.16073
4.16069
4.16044
4.16041
4.16039
4.15835
4.12829
4.12729
4.12617
4.10496
4.09673
4.09486
4.09441
4.09432
4.09416
4.0939
4.09385
4.09358
4.09352
4.09351
4.09349
4.09343
4.09319
4.09306
4.09295
4.07834
4.05589
4.05406
4.05206
4.0339
4.01964
4.01769
4.01737
4.01569
4.01568
4.01561
4.0155
4.0155
4.0155
4.01543
4.01542
4.01535
4.01419
4.01218
4.00909
4.00736
3.92453
3.8235
3.79723
3.78886
3.7495
3.74729
3.7419
3.73385
3.73331
3.71943
3.71893
3.706
3.69374
3.69356
3.68756
3.68678
3.68659
3.68636
3.68635
3.68323
3.68274
3.67872
3.67596
3.67561
3.67486
3.67455
3.67437
3.67437
3.67437
3.67411
3.67408
3.67408
3.67407
3.67407
3.67389
3.67389
3.67386
3.67384
3.67363
3.67329
3.67195
3.66987
3.66846
3.66845
3.66716
3.66716
3.66701
3.66651
3.66645
3.66641
3.66626
3.66615
3.66613
3.66612
3.66608
3.66607
3.66604
3.66602
3.66582
3.6655
3.664
3.66041
3.65768
3.65768
3.65589
3.65588
3.65559
3.65513
3.65513
3.65506
3.65496
3.6549
3.65489
3.65489
3.65487
3.65487
3.65481
3.65481
3.65462
3.65417
3.65359
3.63599
3.62939
3.6293
3.62576
3.62539
3.62524
3.62483
3.62456
3.62441
3.62425
3.62424
3.62424
3.62423
3.62415
3.62413
3.62407
3.62407
3.62395
3.6238
3.62316
3.6221
3.62165
3.62161
3.6212
3.62115
3.62102
3.62066
3.62027
3.62025
3.62016
3.62011
3.6201
3.6201
3.62008
3.62008
3.62004
3.62004
3.61982
3.61966
3.6191
3.61578
3.6134
3.61336
3.61305
3.61274
3.61274
3.61242
3.61197
3.61192
3.61186
3.61173
3.61172
3.61172
3.61172
3.61172
3.61171
3.6117
3.61119
3.61114
3.60992
3.59714
3.58837
3.58766
3.58478
3.58424
3.58422
3.58318
3.58264
3.58264
3.58264
3.58204
3.58204
3.58203
3.58202
3.58202
3.58191
3.58191
3.58179
3.58113
3.58113
3.57661
3.57379
3.57379
3.57298
3.57275
3.57273
3.57243
3.57213
3.57202
3.57194
3.57177
3.57176
3.57176
3.57176
3.57176
3.57176
3.57175
3.57153
3.57116
3.57054
3.56755
3.56513
3.56512
3.56379
3.5635
3.56341
3.5631
3.56283
3.56271
3.56264
3.56252
3.56251
3.56251
3.56251
3.56251
3.5625
3.56249
3.56225
3.56206
3.56198
3.56098
3.56034
3.56028
3.56013
3.56003
3.56
3.55977
3.55938
3.55918
3.55881
3.55868
3.55867
3.55866
3.55851
3.5585
3.55838
3.55838
3.55817
3.55796
3.5579
3.55721
3.55687
3.55681
3.55672
3.55668
3.55668
3.55651
3.55616
3.55596
3.55556
3.55306
3.55172
3.55161
3.55099
3.55049
3.55025
3.55013
3.5501
3.5495
3.54948
3.54892
3.54879
3.54877
3.54867
3.54867
3.54864
3.54853
3.54836
3.54828
3.54807
3.54803
3.54802
3.54801
3.54791
3.54791
3.5478
3.5478
3.5477
3.54742
3.54711
3.54505
3.54404
3.54403
3.54361
3.54328
3.54323
3.54308
3.54301
3.54288
3.54287
3.54281
3.54281
3.54281
3.5428
3.5428
3.5428
3.5428
3.54266
3.54253
3.54221
3.53972
3.53856
3.53856
3.53719
3.53702
3.5369
3.53653
3.53622
3.53616
3.53614
3.53606
3.53605
3.53605
3.53604
3.53604
3.53603
3.53599
3.53592
3.53584
3.53578
3.53518
3.53498
3.53496
3.53465
3.53465
3.53458
3.53445
3.53419
3.53399
3.53371
3.53353
3.53351
3.53351
3.53328
3.53327
3.53317
3.53309
3.53302
3.53296
3.53292
3.53248
3.53237
3.53235
3.53219
3.53216
3.5321
3.53201
3.53183
3.53165
3.53129
3.52811
3.5265
3.52648
3.52517
3.52437
3.52398
3.52384
3.52382
3.52347
3.52347
