gmRes0V100 = [
158.281
23.8594
18.6232
16.2258
16.117
12.7603
11.7169
11.4394
9.43246
9.27146
8.64885
8.27408
8.26368
8.15379
8.11982
8.09238
7.85197
7.11355
6.93239
6.91851
6.35594
6.0228
5.83695
5.82005
5.67926
5.37143
5.1927
5.19208
5.07355
4.79545
4.51105
4.46989
4.45901
4.20466
3.98747
3.75868
3.68744
3.64785
3.63353
3.55275
3.4075
3.2185
3.06355
2.90564
2.80552
2.7523
2.74298
2.71856
2.65146
2.57515
2.50179
2.47418
2.45248
2.44394
2.35497
2.30704
2.2311
2.17634
2.16198
2.10188
1.99549
1.86452
1.74251
1.61664
1.50246
1.41685
1.32057
1.27449
1.24283
1.23977
1.23634
1.19819
1.15607
1.07298
1.00213
0.951295
0.887057
0.850821
0.820187
0.793464
0.772473
0.754911
0.746227
0.743901
0.743688
0.737241
0.72546
0.70592
0.686706
0.673337
0.65583
0.641634
0.626567
0.610953
0.596981
0.582654
0.5706
0.557531
0.542821
0.532235
0.522722
0.520714
0.519783
0.518797
0.518196
0.518196
0.517949
0.517255
0.517019
0.516484
0.514891
0.514869
0.513544
0.5131
0.51308
0.511612
0.510332
0.51033
0.508519
0.508279
0.507615
0.506903
0.506895
0.50494
0.502889
0.502097
0.502087
0.501247
0.500066
0.499968
0.499594
0.498089
0.496756
0.496196
0.495929
0.495697
0.494835
0.4933
0.492127
0.491447
0.491431
0.491193
0.490322
0.488399
0.486138
0.484965
0.48387
0.483842
0.483595
0.481617
0.479572
0.478145
0.47664
0.47644
0.476227
0.47464
0.472182
0.468639
0.465027
0.461742
0.45797
0.454609
0.45248
0.450634
0.449867
0.449728
0.449674
0.449075
0.447654
0.44509
0.442575
0.4398
0.436906
0.434633
0.431437
0.428337
0.424971
0.421074
0.416373
0.41144
0.405374
0.398772
0.392245
0.385738
0.380681
0.375894
0.370316
0.365402
0.36116
0.357028
0.354145
0.350829
0.347097
0.343173
0.338642
0.334439
0.329602
0.324047
0.318234
0.311914
0.306167
0.306031
0.305292
0.304895
0.304801
0.304532
0.303629
0.303151
0.302759
0.302466
0.302455
0.302195
0.301298
0.301297
0.30052
0.299812
0.299441
0.299356
0.298931
0.298927
0.29841
0.29793
0.297923
0.297587
0.297409
0.297358
0.296777
0.296002
0.295668
0.295653
0.294631
0.293805
0.293143
0.292953
0.292939
0.292861
0.292416
0.291846
0.291333
0.29124
0.291126
0.290608
0.289344
0.288219
0.287045
0.286047
0.285793
0.285758
0.285688
0.285114
0.284556
0.284056
0.283895
0.28373
0.28311
0.281893
0.2804
0.279157
0.278057
0.277337
0.277104
0.277102
0.276952
0.276326
0.27543
0.274261
0.273241
0.272055
0.271095
0.270143
0.269092
0.267974
0.267124
0.266237
0.265498
0.264934
0.264558
0.264314
0.264195
0.264167
0.264164
0.264152
0.264118
0.264048
0.263913
0.263708
0.263416
0.262962
0.262356
0.261574
0.260676
0.259361
0.257765
0.255095
0.251381
0.247441
0.243241
0.238774
0.233296
0.227409
0.222223
0.221997
0.220757
0.220509
0.220508
0.219972
0.219244
0.219042
0.218407
0.218157
0.218111
0.217631
0.216939
0.216884
0.215941
0.215306
0.215295
0.214644
0.213996
0.213803
0.212718
0.21205
0.211973
0.211261
0.211162
0.210805
0.210197
0.210181
0.209998
0.20934
0.207907
0.207232
0.207049
0.207015
0.206737
0.205973
0.205388
0.204833
0.204708
0.204708
0.204512
0.204128
0.203102
0.202222
0.201641
0.201119
0.2011
0.201058
0.200739
0.200076
0.199333
0.198931
0.198726
0.198725
0.19847
0.197734
0.196553
0.195254
0.194104
0.193362
0.193072
0.193058
0.192989
0.192503
0.191752
0.190804
0.189713
0.188892
0.1882
0.187663
0.187216
0.186869
0.18663
0.186466
0.186384
0.186361
0.186359
0.186342
0.186276
0.186156
0.185902
0.18558
0.185218
0.184687
0.183935
0.183152
0.182114
0.18089
0.179659
0.178509
0.177429
0.17622
0.174975
0.173614
0.171878
0.170213
0.168796
0.166948
0.165251
0.162907
0.160524
0.16046
0.160158
0.159907
0.159764
0.159746
0.159355
0.15895
0.158881
0.158767
0.158763
0.158646
0.158245
0.158244
0.157804
0.157501
0.157475
0.157344
0.157111
0.157107
0.156914
0.156715
0.156713
0.156526
0.156479
0.156435
0.156238
0.156125
0.156122
0.155971
0.155488
0.155263
0.155122
0.155115
0.155088
0.15495
0.154705
0.154464
0.154325
0.154325
0.154182
0.153684
0.152964
0.152356
0.151825
0.151519
0.151507
0.151495
0.151276
0.150906
0.150618
0.150512
0.150435
0.15011
0.149517
0.148743
0.147933
0.147266
0.146606
0.146163
0.146019
0.146011
0.145937
0.145627
0.145123
0.144365
0.143649
0.14299
0.142453
0.14197
0.141421
0.140856
0.140414
0.139962
0.139529
0.139154
0.138841
0.138615
0.138497
0.138419
0.138392
0.138389
0.138389
0.138387
0.138363
0.138336
0.138278
0.138135
0.137974
0.137718
0.137438
0.137022
0.136477
0.135706
0.134623
0.133382
0.131826
0.130313
0.127943
0.125755
0.123996
0.12396
0.123647
0.123546
0.12354
0.123248
0.122934
0.122513
0.122447
0.122337
0.122321
0.122228
0.121844
0.121827
0.12145
0.121016
0.120795
0.120787
0.120442
0.120411
0.120206
0.120072
0.119897
0.119445
0.119359
0.119303
0.119013
0.118972
0.118925
0.11868
0.118124
0.117808
0.117679
0.117673
0.117565
0.117244
0.116923
0.116533
0.116442
0.116433
0.116422
0.116377
0.11614
0.115872
0.115724
0.115652
0.115638
0.115556
0.115326
0.115034
0.114762
0.114619
0.114549
0.114547
0.114431
0.11413
0.113702
0.113205
0.112862
0.112707
0.11267
0.112662
0.112572
0.112318
0.112025
0.11162
0.111243
0.110923
0.110662
0.11048
0.110366
0.110263
0.110201
0.11018
0.110174
0.110172
0.11014
0.110067
0.109918
0.109692
0.109436
0.109149
0.108889
0.108604
0.10813
0.107556
0.106934
0.106208
0.105504
0.104816
0.104054
0.103286
0.102427
0.101264
0.100128
0.0991015
0.0981865
0.0970903
0.0961268
0.0947054
0.0934334
0.0933686
0.0931372
0.0930029
0.0929745
0.0929159
0.0926774
0.0924951
0.0923966
0.0923334
0.0923172
0.0922539
0.0919936
0.0919932
0.0916898
0.0915581
0.0915554
0.0914371
0.0913441
0.0912793
0.0910811
0.090926
0.0909181
0.0907177
0.090649
0.090628
0.0904542
0.0903853
0.0903688
0.0902366
0.0899202
0.0897562
0.0896735
0.0896682
0.0896593
0.0895675
0.0893816
0.0892488
0.089167
0.089167
0.0890788
0.0887865
0.0883202
0.0878757
0.0875762
0.0872861
0.0872406
0.0872338
0.0871859
0.0869791
0.0867957
0.0866275
0.0866251
0.086594
0.0863829
0.0858973
0.0854712
0.0850806
0.0846865
0.0843516
0.0842541
0.0842442
0.0842109
0.0840008
0.0836997
0.083259
0.0827417
0.0823187
0.0819336
0.0815178
0.081038
0.0805976
0.0802403
0.0799771
0.079724
0.0794456
0.079288
0.0791371
0.0790415
0.0789915
0.0789536
0.0789321
0.0789215
0.0789139
0.0789116
0.07891
0.0789046
0.0788792
0.078826
0.0787552
0.0786564
0.0785184
0.0783217
0.0779916
0.0775222
0.0769529
0.0762661
0.0755771
0.074646
0.0739442
0.0731976
0.0731879
0.073086
0.0730227
0.0729749
0.0729621
0.0728537
0.0727216
0.0727015
0.0726675
0.0726675
0.0726359
0.0725576
0.0725328
0.0722657
0.0721456
0.0721427
0.0720172
0.0719157
0.0718893
0.071731
0.0715559
0.0715521
0.0714344
0.0714301
0.0713749
0.0712531
0.0712403
0.0712044
0.0710949
0.0708952
0.0707703
0.0707201
0.0707164
0.0706768
0.0705295
0.0704124
0.0703226
0.0703059
0.0703058
0.0702806
0.0701993
0.0700167
0.0698699
0.0697972
0.0697547
0.0697527
0.0697026
0.0695963
0.069489
0.0693836
0.0693426
0.0693425
0.0693282
0.0692495
0.0690833
0.0688341
0.0686022
0.0684483
0.0684112
0.0684112
0.0683592
0.0682516
0.0680959
0.0679317
0.0677708
0.0676413
0.0675035
0.067415
0.0673553
0.0673277
0.0673182
0.0673169
0.0673168
0.0673086
0.0672833
0.0672306
0.067145
0.0669977
0.0668353
0.0666284
0.0663863
0.0661679
0.0659145
0.0655083
0.0650253
0.0645569
0.0640506
0.0634542
0.0630007
0.0625004
0.0619583
0.0614197
0.0606963
0.060044
0.0593651
0.058731
0.0579254
0.0573694
0.0562178
0.0550081
0.0548906
0.0546075
0.0544836
0.0544717
0.0544067
0.0542121
0.0540343
0.0540018
0.0539604
0.0539364
0.0538939
0.053704
0.053701
0.0534652
0.0533391
0.053338
0.0532633
0.0531817
0.0531441
0.0530386
0.053006
0.0529648
0.052858
0.0528454
0.0527908
0.0526288
0.0525655
0.0525655
0.0525019
0.0523068
0.0522164
0.0521632
0.052158
0.0521546
0.052103
0.0520116
0.0519255
0.0518903
0.0518902
0.0518524
0.0517341
0.0514932
0.0512126
0.0509928
0.050824
0.0507949
0.0507917
0.0507244
0.0505763
0.0503737
0.0502876
0.0502833
0.0502778
0.0501355
0.0498688
0.0495665
0.0493313
0.0490701
0.0488072
0.0487154
0.0486946
0.0486839
0.0485838
0.048407
0.0481519
0.0478186
0.0475109
0.0472597
0.0470166
0.0467442
0.0464757
0.0462819
0.0461212
0.0459406
