gmRes1V100 = [
166.42
166.409
166.318
162.893
124.7
62.1406
59.888
44.1902
33.114
32.9831
32.9641
32.9263
32.9239
32.8901
32.7092
32.4892
32.4585
32.0956
31.8142
31.8115
29.878
29.822
29.4885
28.7426
28.7108
25.6233
25.171
24.1841
24.1519
23.9434
23.6306
23.238
23.2112
22.76
22.3516
22.3487
21.7247
21.1296
20.9535
20.9409
20.6841
20.2755
20.1149
19.2514
19.2469
18.6563
18.3447
18.2533
17.9282
17.9199
17.8634
17.6778
17.6598
17.4717
17.2637
17.235
17.1652
17.1643
17.0845
17.0192
17.0147
16.6806
16.416
16.2408
16.2046
15.7366
15.7309
15.4882
15.4713
15.2651
14.9283
14.9215
14.4395
14.396
14.3451
14.0821
13.9331
13.8894
13.8164
13.8164
13.6735
13.3281
13.3214
13.1002
12.9111
12.8918
12.7347
12.4497
12.4181
12.1524
12.1226
12.0643
11.8458
11.7361
11.7356
11.4814
11.3647
11.3319
11.0754
11.0439
10.9239
10.9239
10.9231
10.9194
10.9194
10.9179
10.9062
10.8997
10.8994
10.8766
10.8756
10.8735
10.8724
10.8703
10.8682
10.8668
10.8666
10.864
10.8584
10.8521
10.8469
10.8467
10.8438
10.8421
10.8398
10.8381
10.8305
10.8051
10.8008
10.7805
10.7644
10.7644
10.7516
10.7509
10.7384
10.7255
10.7206
10.7036
10.7035
10.6849
10.6605
10.6528
10.6148
10.5996
10.5989
10.5781
10.5687
10.5572
10.5101
10.5004
10.4835
10.4596
10.4536
10.4264
10.4194
10.4062
10.348
10.3464
10.2869
10.2816
10.2494
10.2369
10.2328
10.1952
10.1907
10.1392
10.0383
10.0314
9.98836
9.9408
9.93856
9.88879
9.85346
9.85247
9.72666
9.62689
9.62243
9.53455
9.46534
9.45946
9.32628
9.32146
9.27437
9.15354
9.15347
8.99817
8.92468
8.91979
8.79039
8.69134
8.63493
8.47483
8.4449
8.43599
8.35776
8.32814
8.31309
8.17814
8.17184
8.13432
7.95822
7.95821
7.958
7.95747
7.95734
7.95695
7.95382
7.95151
7.95108
7.94713
7.94631
7.94027
7.94014
7.93973
7.93795
7.9315
7.92868
7.92597
7.92045
7.92045
7.91674
7.91612
7.91275
7.91064
7.90988
7.90604
7.906
7.90265
7.90194
7.8855
7.87496
7.87262
7.85994
7.85905
7.84396
7.83798
7.83547
7.82349
7.82305
7.8145
7.80438
7.80329
7.78579
7.77385
7.77188
7.75616
7.75594
7.74807
7.7422
7.74032
7.72804
7.72766
7.72344
7.71163
7.71162
7.69729
7.68902
7.67808
7.63351
7.62719
7.62075
7.59982
7.58512
7.512
7.49605
7.48693
7.43945
7.43857
7.40385
7.35424
7.352
7.31999
7.26813
7.26386
7.24061
7.21893
7.21776
7.1768
7.16532
7.14884
7.10022
7.08802
7.07289
7.04652
7.04611
7.00242
6.97622
6.97337
6.94371
6.93095
6.91229
6.87772
6.85101
6.83765
6.79446
6.78976
6.76347
6.72135
6.71619
6.70644
6.67654
6.67654
6.67654
6.67654
6.67654
6.67654
6.67654
6.67654
6.67654
6.67653
6.67653
6.67653
6.67642
6.67634
6.67633
6.67628
6.67614
6.67561
6.67548
6.67318
6.6718
6.67146
6.66986
6.66982
6.668
6.66672
6.66588
6.66391
6.66341
6.65656
6.65621
6.65176
6.65123
6.64751
6.64698
6.64574
6.63969
6.63622
6.63544
6.62872
6.6285
6.62401
6.61873
6.61873
6.61303
6.61285
6.60885
6.60361
6.6
6.59784
6.59461
6.59458
6.58639
6.58463
6.58166
6.56087
6.55906
6.55417
6.5429
6.54247
6.53487
6.53169
6.52616
6.51107
6.5088
6.50481
6.48528
6.48485
6.46181
6.44265
6.44257
6.40959
6.39679
6.39395
6.36031
6.35222
6.34755
6.325
6.32349
6.30543
6.27551
6.27396
6.17621
6.14206
6.13798
6.10442
6.10026
6.08004
6.03554
6.0328
5.98989
5.97541
5.96335
5.93788
5.93687
5.9262
5.89806
5.89075
5.88009
5.85284
5.85255
5.85255
5.85255
5.85255
5.85254
5.85254
5.85254
5.85253
5.85253
5.85252
5.85252
5.85251
5.85245
5.85245
5.85245
5.85239
5.85237
5.85225
5.85211
5.85192
5.85192
5.85169
5.85162
5.851
5.851
5.84981
5.84869
5.84846
5.84777
5.84544
5.84414
5.83981
5.83451
5.83448
5.8301
5.82994
5.82774
5.82773
5.82321
5.8158
5.81442
5.80872
5.80027
5.80016
5.79546
5.79288
5.791
5.78655
5.78534
5.7829
5.7789
5.77889
5.77576
5.7739
5.77218
5.76483
5.76336
5.74478
5.7409
5.7392
5.73423
5.73408
5.72152
5.71154
5.71135
5.69874
5.69139
5.68935
5.6665
5.66255
5.65832
5.63472
5.63308
5.62075
5.60572
5.60504
5.59094
5.58787
5.58162
5.56086
5.56085
5.54102
5.53064
5.52781
5.50061
5.49755
5.48467
5.47576
5.47553
5.4667
5.45755
5.45638
5.44912
5.43995
5.43995
5.42754
5.40781
5.40777
5.39928
5.39239
5.3891
5.3891
5.3891
5.3891
5.38908
5.38908
5.38906
5.38904
5.38903
5.38896
5.38896
5.38881
5.38881
5.38879
5.38872
5.38853
5.38831
5.38822
5.38806
5.38803
5.38782
5.38778
5.38723
5.38723
5.38697
5.38651
5.38651
5.38611
5.38609
5.38411
5.38283
5.38232
5.3801
5.37985
5.37886
5.37881
5.37698
5.37672
5.37538
5.37238
5.37198
5.37017
5.36725
5.3668
5.36542
5.36351
5.36345
5.3608
5.35623
5.35587
5.35278
5.35155
5.35038
5.3457
5.34568
5.34061
5.33939
5.33631
5.33006
5.32963
5.32557
5.32322
5.32014
5.31136
5.30896
5.30693
5.29977
5.29957
5.29344
5.28899
5.28899
5.28543
5.28238
5.2815
5.27072
5.26743
5.26119
5.25496
5.25379
5.24521
5.2432
5.23602
5.212
5.21046
5.19393
5.18203
5.18198
5.17006
5.15596
5.15361
5.12985
5.12204
5.11743
5.09363
5.09355
5.07757
5.05681
5.05531
5.03809
5.02272
5.02244
5.02244
5.02244
5.02244
5.02244
5.02244
5.02243
5.02243
5.02243
5.02242
5.02242
5.02241
5.02239
5.02235
5.02233
5.02233
5.02233
5.0221
5.02198
5.02126
5.02112
5.02084
5.02061
5.02026
5.01984
5.01971
5.01893
5.01892
5.01779
5.016
5.016
5.01481
5.01175
5.01168
5.00984
5.00921
5.00729
5.00727
5.00631
5.00367
5.0031
5.00089
4.99721
4.99719
4.99392
4.99203
4.9906
4.98816
4.98783
4.98541
4.98415
4.98408
4.98214
4.98095
4.98073
4.97833
4.97797
4.96878
4.96366
4.96343
4.95994
4.95993
4.95617
4.94884
4.94798
4.94464
4.93798
4.93752
4.92747
4.92629
4.92139
4.90839
4.90629
4.88844
4.88194
4.88152
4.87182
4.87083
4.86519
4.85732
4.85645
4.84991
4.84547
4.84459
4.83518
4.83338
4.8295
4.82441
4.82424
4.82151
4.81119
4.80971
4.80571
4.79694
4.79694
4.78576
4.77452
4.77405
4.76867
4.76547
4.76486
4.76486
4.76486
4.76486
4.76485
4.76485
4.76485
4.76485
4.76485
4.76484
4.76484
4.76481
4.76481
4.76479
4.76477
4.76477
4.76477
4.76472
4.76472
4.76463
4.76455
4.76451
4.76446
4.76446
4.76436
4.76435
4.76422
4.76422
4.76388
4.76313
4.7629
4.76288
4.76244
4.76238
4.76218
4.76218
4.76146
4.76107
4.76096
4.75947
4.75908
4.75755
4.75612
4.75611
4.75523
4.75458
4.75442
4.75285
4.75052
4.7504
4.74899
4.74733
4.74733
4.74471
4.74438
4.74153
4.74087
4.73748
4.7339
4.73386
4.73076
4.72934
4.72712
4.71932
4.71894
4.71546
4.71101
4.71099
4.70444
4.70046
4.69909
4.69518
4.69512
4.69284
4.68698
4.68582
4.67999
4.67709
4.67109
4.65749
4.65733
4.64678
4.63427
4.63416
4.6225
4.61745
4.61524
4.60836
4.60778
4.60614
4.59489
4.59419
4.58845
4.57788
4.57746
4.55219
4.54249
4.53916
4.51588
4.47274
4.44399
4.44399
4.44397
4.4437
4.44344
4.44326
4.44276
4.44208
4.44178
4.44015
4.44015
4.43831
4.43799
4.43797
4.43787
4.43755
4.43575
4.43564
4.43416
4.43367
4.43343
4.42995
4.42874
4.42368
4.41816
4.41815
4.4153
4.4149
4.41065
4.40551
4.4055
4.4007
4.39315
4.39259
4.38632
4.38604
4.38453
4.38153
4.38099
4.37883
4.37713
4.37692
4.37371
4.3734
4.3717
4.37031
4.37029
4.36856
4.3667
4.3663
4.36354
4.36253
4.35988
4.35738
4.35731
4.35206
4.35206
4.34756
4.34172
4.3415
4.33826
4.33688
4.33651
4.33234
4.32738
4.3263
4.31835
4.31833
4.31234
4.30962
4.3092
4.30356
4.30027
4.29822
4.28539
4.28349
4.27912
4.27155
4.27075
4.26629
4.26572
4.26104
4.25318
4.25179
4.24882
4.24306
4.24301
4.24021
4.2367
4.23655
4.23049
4.22686
4.22521
4.21639
4.21448
4.21214
4.20035
4.19797
4.19655
4.19061
4.18977
4.18977
4.18977
4.18977
4.18977
4.18977
4.18976
4.18976
4.18976
4.18975
4.18975
4.18974
4.18974
4.18974
4.18974
4.18973
4.1897
4.1897
4.18967
4.18963
4.18963
4.18957
4.18956
4.18955
4.18948
4.18942
4.18909
4.18905
4.18887
4.18855
4.18855
4.18837
4.18828
4.18817
4.18812
4.18786
4.1875
4.18748
4.18692
4.18613
4.18613
4.18507
4.18452
4.18446
4.1838
4.18361
4.18321
4.18224
4.18141
4.18103
4.17977
4.17976
4.17897
4.17837
4.17824
4.17515
4.17515
4.17219
4.17053
4.17044
4.16882
4.16865
4.16699
4.16481
4.16442
4.16342
4.15985
4.15984
4.15519
4.15362
4.15338
4.15059
4.14925
4.14789
4.14037
4.13917
4.13404
4.13086
4.1279
4.11697
4.11696
4.10531
4.10136
4.09865
4.08864
4.08634
4.08069
4.07775
4.07728
4.07034
4.0636
4.06359
4.05338
4.04434
4.04418
4.02713
4.01678
4.00691
3.98402
3.97916
3.95802
3.95802
3.95796
3.95788
3.95786
3.95777
3.95763
3.95735
3.95728
3.95654
3.95653
